2 3 1
2 3 1
2 3 1
2 3 3
2 3 1
2 46 8
2 3 3
2 3 3
2 3 3
2 2 3
2 2 3
2 2 5
2 2 3
2 2 3
2 2 3
16 2 2
16 2 2
16 2 2
16 2 2
16 78 2
16 2 2
16 2 2
16 2 2
16 2 2
16 2 2
16 2 2
17 2 2
17 2 2
2 63 11
2 16 3
2 2 3
2 2 3
2 2 3
2 2 3
2 2 9
2 2 5
2 2 3
2 2 3
2 2 9
2 2 2
2 2 9
2 2 9
2 2 3
2 2 3
2 39 2
2 39 2
2 2 14
2 2 14
2 3 1
2 2 3
2 64 2
2 2 2
2 2 2
2 63 2
2 63 4
2 2 2
2 9 3
2 68 3
2 33 2
2 2 9
2 2 3
2 63 11
2 63 11
2 2 11
2 2 3
2 2 9
2 2 3
2 2 3
2 2 3
2 3 2
2 2 3
2 3 1
2 3 3
2 3 3
2 2 3
2 2 3
2 2 5
2 2 3
2 2 3
2 3 3
2 3 3
2 3 3
2 2 3
2 2 1
2 2 4
2 2 6
2 46 17
2 3 17
2 2 17
2 3 17
2 3 17
2 3 17
2 2 4
2 2 5
2 33 2
2 33 2
17 17 12
2 2 5
2 63 4
2 2 17
2 2 3
2 33 3
2 2 3
2 33 3
2 33 3
33 33 2
2 2 3
33 33 2
2 33 3
2 3 3
2 2 2
2 2 3
2 2 3
2 2 12
2 2 3
2 33 2
2 46 4
2 2 3
2 2 3
2 2 3
2 2 3
2 2 3
2 63 3
2 2 3
2 61 3
2 2 9
2 3 2
2 2 2
2 2 4
2 63 3
2 64 2
2 2 21
2 2 3
2 2 3
2 33 2
2 33 2
2 33 2
2 33 2
2 33 2
2 78 2
2 78 2
2 78 2
2 78 2
2 78 2
2 17 2
17 2 7
2 63 12
2 18 3
2 18 3
2 18 3
2 18 3
2 18 3
2 2 9
2 2 9
2 2 3
2 68 3
2 16 3
2 2 3
2 2 4
2 2 4
2 2 4
2 2 2
2 2 4
2 2 3
2 2 3
2 2 3
2 2 3
2 3 2
2 16 3
2 16 3
2 61 10
2 61 10
2 61 4
2 61 10
2 61 10
2 3 3
2 46 8
2 2 3
2 2 3
2 3 3
2 2 2
2 3 3
2 3 3
2 3 3
2 3 3
2 2 3
2 2 3
2 2 5
2 2 9
2 9 3
2 2 3
2 2 3
2 2 9
2 27 3
2 2 3
2 2 12
2 2 3
2 3 3
2 2 10
2 2 2
2 2 2
2 3 1
2 3 1
2 3 3
2 3 3
2 2 16
2 68 3
2 68 3
2 68 3
2 68 3
2 33 2
2 33 2
2 2 11
2 2 11
2 2 11
2 2 11
2 2 11
2 2 11
2 2 3
2 2 11
3 33 3
3 33 3
2 9 16
2 9 16
2 63 4
2 2 4
16 2 5
2 3 1
2 3 1
2 2 1
2 2 3
2 33 2
2 2 2
2 2 4
2 2 2
2 68 3
2 2 3
2 2 3
2 63 3
2 68 3
2 2 7
2 2 7
17 16 2
17 3 2
17 3 2
17 16 2
17 3 2
2 2 4
2 33 12
2 33 12
2 3 1
2 3 1
2 3 1
2 3 1
2 3 1
2 2 12
2 80 2
3 2 5
2 3 16
2 64 2
2 64 2
2 2 3
2 2 3
2 2 3
2 3 1
2 5 4
2 5 2
2 5 4
2 5 4
2 18 1
2 18 1
2 2 2
2 58 20
2 2 3
2 2 2
2 2 9
2 2 3
2 2 12
2 2 3
2 2 3
2 2 4
2 2 4
2 2 8
2 2 3
2 2 2
2 2 2
2 2 2
2 2 18
2 2 20
2 2 18
2 2 3
2 2 3
2 2 3
2 2 3
2 2 3
2 2 3
2 2 3
2 46 8
2 2 3
2 2 3
2 2 2
2 2 9
2 2 3
2 3 3
2 3 3
2 50 9
2 50 9
2 50 9
2 50 9
2 2 3
2 63 3
2 33 2
2 33 2
2 33 2
2 33 2
2 16 4
2 2 4
2 3 3
2 3 3
2 3 1
2 3 1
2 2 1
2 2 3
2 2 2
2 2 8
33 2 2
33 2 2
2 2 18
2 2 3
2 2 8
2 2 3
2 2 3
2 2 3
2 2 3
2 2 3
2 37 2
2 2 3
2 2 2
2 4 1
2 2 12
2 63 12
2 2 11
2 2 11
2 2 11
2 2 11
2 2 11
2 2 11
2 2 11
2 68 3
2 2 11
2 2 11
2 3 15
2 2 15
2 2 3
2 3 2
2 3 1
2 2 3
2 2 3
2 33 3
2 2 3
2 33 3
2 33 3
2 63 3
2 33 3
2 33 3
2 2 3
2 33 3
2 47 3
2 2 3
2 2 3
2 3 3
2 3 3
2 3 3
2 61 3
2 3 3
2 3 3
2 3 3
2 3 3
2 3 3
2 2 3
2 15 15
2 15 8
2 3 1
2 2 2
2 17 3
2 2 2
2 68 3
2 68 3
2 68 3
2 63 3
2 2 9
2 78 2
2 46 8
2 2 3
2 2 3
2 2 3
2 2 3
2 2 3
2 2 3
2 2 21
2 9 5
2 2 9
2 2 9
2 2 12
2 2 2
2 2 2
2 78 2
2 78 6
2 78 2
2 78 2
3 2 3
2 68 3
2 2 16
2 2 3
2 64 2
2 2 5
2 33 2
18 9 19
18 2 19
2 4 1
2 4 1
2 4 1
2 4 1
2 4 1
2 4 1
2 4 1
2 4 1
2 4 1
2 2 3
2 78 2
2 78 2
2 78 2
2 2 4
2 2 6
2 2 6
2 2 3
2 2 3
2 2 11
2 2 3
2 2 3
2 63 4
2 63 4
2 63 4
2 2 8
2 2 8
2 4 1
2 64 2
2 4 1
2 2 3
2 4 1
2 2 3
2 64 3
2 64 3
2 64 3
2 58 9
2 2 3
2 2 3
2 2 8
2 2 8
2 2 3
2 68 4
2 63 4
2 4 1
2 4 1
2 4 1
2 4 1
2 4 1
2 4 1
2 2 3
2 2 3
2 2 3
2 2 7
2 3 3
2 3 3
3 2 3
2 2 3
2 2 10
2 2 10
2 2 10
2 2 2
2 2 2
2 46 2
2 78 2
2 78 2
2 78 2
2 78 2
2 2 2
2 46 3
2 2 2
2 68 3
2 68 3
2 2 9
2 2 9
2 2 5
2 2 9
2 3 2
2 3 2
2 2 9
2 3 3
2 2 3
2 2 3
2 46 3
2 2 3
2 2 2
2 3 4
2 2 4
2 2 4
2 2 4
3 2 3
2 2 3
2 2 3
2 2 3
2 9 3
2 3 3
2 3 3
2 2 3
2 2 3
2 2 3
2 2 8
2 2 3
2 2 3
2 2 11
2 2 3
2 2 3
2 2 8
2 2 3
2 2 3
2 2 8
2 2 8
2 2 8
2 2 8
2 2 3
2 14 3
2 2 7
2 3 3
3 2 3
3 2 3
2 2 3
2 2 3
16 61 20
2 2 3
2 2 3
2 9 3
2 2 3
2 2 3
2 3 3
2 3 3
2 3 3
2 3 3
2 3 3
2 3 3
16 2 2
16 2 2
2 5 3
2 2 3
2 9 3
2 2 3
2 2 3
2 2 6
2 33 2
2 2 2
2 33 2
2 33 2
2 2 8
2 2 8
2 2 7
2 2 2
2 2 2
2 2 2
2 33 7
2 33 2
2 33 2
2 33 7
2 2 8
2 2 3
2 2 3
2 2 3
2 2 3
2 2 3
2 2 3
15 61 5
2 33 2
2 33 2
2 33 2
2 33 2
2 33 2
2 33 2
2 33 2
2 33 2
2 33 2
2 33 2
2 33 2
2 33 2
2 33 2
2 33 2
2 33 2
2 33 2
2 33 2
2 2 3
2 2 9
2 2 8
2 2 9
2 2 8
2 2 8
2 2 9
2 2 8
2 57 3
2 2 3
2 46 8
2 46 8
2 46 8
2 46 8
2 2 3
2 2 11
2 2 3
2 2 3
2 2 3
2 68 3
2 67 2
2 67 2
2 2 10
2 2 9
2 2 4
2 67 2
2 2 10
2 68 3
2 2 2
2 2 2
2 39 2
2 39 2
2 63 3
2 63 3
2 3 3
2 3 9
3 2 4
2 63 3
2 68 4
2 3 3
2 68 3
2 2 2
2 68 3
2 46 3
2 2 3
2 46 3
2 9 1
2 9 1
2 3 1
2 33 6
2 2 4
2 3 2
2 2 4
2 2 3
2 18 3
2 18 3
2 2 3
2 18 3
2 18 3
2 18 3
2 18 3
2 18 3
2 2 3
2 16 3
2 63 11
2 2 3
2 2 3
2 2 3
2 2 3
2 2 2
2 2 2
2 46 8
2 46 8
2 68 3
2 3 3
2 3 3
2 3 3
2 3 3
2 78 2
2 3 2
2 3 2
2 78 2
2 61 2
2 15 2
2 78 2
2 78 2
2 3 18
2 3 2
2 2 3
2 2 3
2 2 3
2 2 11
2 2 2
2 2 3
2 3 2
2 3 3
2 3 2
2 3 3
2 2 3
2 39 2
2 39 2
2 33 2
2 2 5
2 2 3
2 2 3
2 2 3
2 2 3
2 2 3
2 2 3
2 3 3
2 2 3
2 2 3
2 3 3
2 3 1
2 3 3
2 3 3
2 2 3
2 46 8
2 46 8
2 46 8
2 9 8
2 62 3
2 2 8
2 2 8
2 2 8
2 2 8
2 2 3
2 2 3
2 64 2
2 64 5
2 3 1
2 2 3
2 2 3
2 9 3
2 2 9
2 15 2
2 15 2
2 15 2
2 15 2
2 2 3
2 2 3
2 2 3
2 2 3
2 2 3
2 2 3
2 3 1
2 3 12
2 2 9
2 2 2
2 2 3
2 2 3
2 2 3
2 2 3
2 2 12
2 2 3
2 2 3
2 2 3
2 2 3
2 2 3
2 2 3
2 2 3
2 2 2
2 2 8
2 2 8
2 2 3
2 2 3
2 3 1
2 3 1
2 3 1
2 2 3
2 2 3
2 2 3
2 2 3
2 2 3
2 2 3
2 2 3
2 2 10
2 2 3
2 68 3
2 68 3
2 68 3
2 68 3
2 68 3
2 68 3
2 2 11
2 2 11
2 2 17
2 57 3
2 33 2
2 2 3
2 2 3
2 2 3
2 2 2
2 33 9
2 18 1
2 18 1
2 2 3
2 2 9
2 2 9
2 2 3
2 16 3
2 2 3
2 18 2
2 46 8
2 2 2
2 39 2
2 39 2
2 2 2
2 2 2
2 3 4
2 2 2
2 3 4
2 18 5
2 16 2
2 18 5
2 68 3
2 2 3
2 68 3
2 68 3
2 68 3
2 64 3
2 2 14
2 64 3
2 64 3
2 46 2
2 46 2
2 63 3
2 2 2
2 9 8
2 46 8
2 46 8
2 2 8
2 2 11
2 2 3
2 9 3
2 2 3
2 2 11
2 9 3
2 9 3
2 64 2
2 2 3
2 33 2
2 33 12
2 33 2
2 16 16
2 2 12
2 2 18
2 2 2
2 2 4
2 2 4
2 2 3
2 18 1
2 18 1
2 18 1
2 18 1
2 18 1
18 18 2
18 18 2
2 18 1
2 2 1
2 2 3
2 2 3
2 2 3
2 2 15
2 2 15
2 3 2
2 2 2
2 64 3
2 2 3
2 64 3
2 2 11
2 2 3
2 2 3
2 33 2
2 33 2
2 33 2
2 33 2
2 33 2
2 33 2
2 33 2
2 33 2
2 33 2
2 2 11
2 3 11
2 3 3
2 2 2
2 2 3
2 61 2
2 16 3
2 16 3
2 2 2
2 61 2
2 2 19
2 2 2
2 58 6
2 2 19
2 16 2
2 3 19
2 63 15
2 2 9
2 2 3
2 46 8
2 46 8
2 2 11
2 2 3
2 2 3
2 3 10
2 3 10
2 3 10
2 3 10
2 3 10
2 33 3
2 33 2
3 33 3
2 2 3
2 2 3
2 2 9
2 2 7
2 2 4
2 2 3
2 2 3
2 2 11
2 2 4
2 3 3
2 2 2
2 2 2
2 2 3
2 3 3
2 3 3
2 63 12
2 63 12
2 63 12
3 63 12
3 63 12
2 2 3
2 33 2
2 2 3
2 2 3
2 2 3
2 2 3
2 2 3
2 78 3
2 2 2
2 2 2
2 63 3
2 2 8
2 2 9
2 68 3
2 16 3
2 16 3
2 2 3
2 63 3
2 64 3
2 33 6
2 2 4
2 33 4
2 33 2
39 2 2
2 33 2
2 2 3
2 2 3
2 2 2
2 2 2
2 3 4
2 2 3
2 2 3
2 2 9
2 2 8
2 2 9
2 2 3
2 2 3
2 3 1
2 2 3
2 2 14
2 2 3
2 46 3
2 46 3
16 2 2
2 2 2
2 2 3
2 2 3
2 2 9
2 61 13
2 3 3
2 18 3
2 2 3
2 2 3
2 2 3
2 2 10
2 2 10
2 2 10
2 2 10
2 2 10
2 2 10
2 2 10
2 2 10
2 2 10
2 2 10
2 2 10
2 2 4
2 9 3
2 2 9
2 3 1
3 46 2
2 3 1
2 78 2
2 78 2
2 78 2
2 78 2
2 2 3
2 2 3
2 3 13
2 33 6
2 33 2
2 33 2
2 63 11
2 2 3
2 50 9
2 2 5
3 33 2
3 33 2
2 33 2
3 33 2
3 33 2
2 33 2
3 3 2
2 2 3
2 2 3
2 27 3
2 2 2
2 2 3
2 78 2
2 78 2
2 78 2
2 2 3
2 63 3
2 63 3
2 33 13
2 33 2
2 28 3
2 28 3
2 2 10
2 33 4
3 2 2
2 78 2
2 78 3
2 78 2
2 78 2
64 2 2
2 64 3
2 46 8
2 46 8
2 2 3
2 47 3
2 2 21
2 33 6
2 64 3
2 2 3
2 2 3
2 2 3
2 3 3
2 3 3
2 2 4
2 63 16
2 3 3
2 3 3
2 3 3
2 3 3
2 2 3
2 3 3
63 3 2
2 3 3
2 2 2
2 2 2
2 2 2
2 2 4
2 2 3
2 16 4
2 2 4
2 78 2
2 78 2
2 2 4
2 9 3
2 14 3
2 46 3
2 33 2
2 33 2
2 33 2
2 33 2
2 33 2
2 33 2
2 33 2
2 33 2
2 68 4
2 2 3
2 68 4
2 68 4
2 68 4
2 68 4
2 68 4
2 68 4
2 2 5
2 2 3
2 3 9
2 3 9
2 63 7
2 44 3
2 4 1
2 4 1
2 4 1
2 4 1
2 4 1
2 9 12
2 3 4
2 33 4
2 33 4
2 33 4
2 33 4
2 63 4
2 3 4
2 63 4
2 2 4
2 3 4
2 2 3
2 2 11
2 2 16
2 63 3
2 63 3
2 2 16
2 16 3
2 2 3
2 2 3
2 2 9
2 2 6
2 2 3
2 39 2
2 39 2
2 39 2
2 2 9
2 2 9
2 2 9
2 2 9
2 2 3
2 2 3
2 3 1
2 2 3
2 2 3
2 3 3
2 2 3
2 46 3
2 3 3
2 46 3
2 2 15
2 2 3
2 2 3
2 2 3
2 2 3
2 2 3
2 2 2
2 2 7
2 2 7
2 3 1
2 2 3
2 2 3
2 3 2
2 68 4
2 2 4
2 2 3
2 2 3
2 2 3
2 2 3
2 2 3
2 63 3
2 2 3
2 2 3
2 78 2
2 78 2
2 46 3
2 2 3
2 3 3
2 2 3
2 2 3
2 3 3
2 3 3
2 3 3
2 3 3
2 2 3
2 63 4
2 3 1
2 3 3
2 3 3
2 3 1
2 2 3
2 3 1
2 3 1
2 3 2
2 3 2
2 3 2
2 2 1
2 78 1
2 3 2
2 3 1
2 3 7
2 3 7
2 3 1
2 3 2
2 78 1
2 3 1
2 3 4
2 2 4
2 68 3
2 3 4
2 2 4
2 33 2
2 33 3
2 33 3
2 4 1
2 2 3
2 2 3
2 2 11
2 78 2
2 2 3
2 33 2
2 33 2
2 33 2
2 33 2
2 2 3
2 3 3
2 2 3
2 3 5
2 2 3
2 2 3
2 2 3
2 3 3
2 3 3
2 3 3
2 9 3
2 68 3
33 2 16
33 33 16
2 46 10
2 2 3
2 2 3
2 2 3
2 2 3
2 2 3
2 2 3
2 2 3
2 2 3
2 2 3
2 2 3
2 2 3
2 2 3
2 2 3
2 68 3
2 68 3
2 2 3
2 64 3
2 3 3
2 3 3
2 3 3
2 3 3
2 3 3
2 2 4
2 68 9
2 68 3
2 2 21
2 2 21
2 2 21
2 2 3
2 2 3
2 3 1
2 2 9
2 33 6
2 33 2
2 33 6
2 33 2
2 2 3
2 2 3
2 3 16
2 2 3
2 3 3
2 3 3
2 3 3
2 3 3
2 2 3
2 3 3
2 3 1
2 3 1
2 3 3
2 3 1
2 3 3
2 3 3
2 9 3
2 2 3
2 61 3
2 2 2
2 2 3
2 63 3
2 3 3
2 3 3
2 3 3
2 2 3
2 63 12
2 33 12
2 33 12
2 63 12
2 2 3
2 2 2
2 2 3
2 2 3
2 2 3
2 2 3
2 2 3
2 33 3
2 33 3
2 33 3
2 33 3
2 33 3
2 33 3
2 33 3
2 33 3
2 3 1
3 3 1
2 15 3
2 15 3
2 15 3
2 2 11
2 2 11
2 2 3
2 2 11
2 2 11
2 2 3
2 2 3
2 2 3
2 2 3
2 2 11
2 2 3
2 2 3
2 17 3
2 17 2
2 17 3
2 2 10
2 68 3
2 2 4
2 2 3
2 63 3
2 63 11
2 63 3
2 63 11
2 2 2
2 37 2
2 3 5
2 3 3
2 3 3
2 3 3
2 3 3
2 3 3
2 3 3
2 2 3
78 2 20
2 2 2
2 78 2
3 2 2
2 3 1
2 3 1
2 4 1
2 3 1
2 3 1
2 33 2
2 33 2
2 33 2
2 33 2
2 33 2
2 33 2
2 33 2
2 33 2
2 33 2
2 18 3
2 18 3
2 18 3
2 63 3
2 18 3
2 18 3
2 61 6
2 3 1
2 3 1
2 3 1
2 3 1
2 3 1
2 3 1
2 3 1
2 3 1
2 3 1
2 3 1
2 3 1
2 3 1
2 2 2
2 2 3
2 2 3
2 2 3
2 2 3
2 18 1
2 18 1
2 18 1
2 18 1
2 18 1
2 18 1
2 64 12
2 2 3
2 2 3
2 2 3
2 2 3
2 2 3
2 46 15
2 2 3
2 2 3
2 2 2
2 33 2
2 33 2
2 33 2
2 33 2
2 33 2
2 2 3
2 3 3
2 3 3
2 2 8
2 63 8
2 61 8
2 78 9
17 78 2
2 3 10
2 3 10
2 3 10
2 3 10
2 3 10
2 2 2
2 2 3
2 2 8
2 3 3
2 2 3
2 3 3
2 2 2
2 2 2
2 2 3
2 2 3
2 2 3
2 3 3
2 3 3
2 3 3
2 3 3
2 3 3
2 3 3
2 3 3
2 3 3
2 2 5
2 3 3
2 68 3
2 2 3
2 2 3
2 63 4
2 2 12
2 2 4
2 2 12
2 2 2
2 3 3
2 3 2
2 2 2
2 3 2
2 3 2
2 2 2
2 3 2
2 3 2
2 3 2
2 2 10
2 33 2
2 2 4
2 14 21
2 3 3
2 2 3
2 2 4
2 3 4
2 2 3
2 2 10
2 78 3
2 78 3
2 2 3
2 18 1
17 2 2
17 33 2
2 64 2
2 2 3
2 78 2
2 78 2
2 78 3
2 78 2
2 78 2
2 2 7
2 3 2
2 2 2
2 2 2
2 2 2
2 3 3
2 3 3
2 2 18
2 61 3
2 2 11
2 3 2
2 2 2
2 2 3
2 3 3
2 3 3
17 3 5
2 3 1
2 3 1
2 3 1
2 3 20
2 2 3
2 2 19
2 2 2
2 2 17
2 2 17
2 2 3
2 2 3
2 2 3
2 2 3
2 2 3
2 9 3
2 2 17
2 2 3
2 63 3
2 64 3
2 2 3
2 3 2
2 3 2
2 78 3
2 3 2
2 3 3
2 3 2
2 3 2
2 33 2
2 33 2
2 33 2
2 33 2
2 3 3
2 3 3
2 3 3
2 2 3
2 39 2
2 64 3
2 64 3
2 3 3
2 3 3
2 2 3
2 3 3
2 2 3
2 2 3
2 2 3
2 2 2
2 2 2
2 2 2
2 17 3
2 2 3
2 2 3
2 2 4
2 2 4
2 2 3
2 47 3
2 33 2
2 33 2
2 33 2
2 33 2
2 33 2
2 33 2
16 33 2
2 2 2
2 2 2
2 2 2
2 2 2
2 2 2
2 2 16
2 2 3
2 33 2
2 33 2
2 33 2
2 33 3
2 33 2
2 33 2
63 2 3
2 33 2
2 2 3
2 16 5
2 2 3
2 2 1
2 3 1
2 2 1
2 3 1
2 3 1
2 46 8
2 2 3
2 46 8
2 46 8
2 3 9
2 33 9
2 2 3
2 2 3
2 2 11
2 2 3
2 2 12
2 2 21
2 2 21
2 2 21
2 9 8
2 2 3
2 2 5
2 2 16
2 2 3
2 61 3
16 2 16
16 15 3
2 16 3
2 16 3
2 16 3
2 2 17
2 2 9
2 2 3
2 33 7
2 33 2
2 33 7
3 2 3
2 68 3
2 2 9
2 2 19
2 2 19
2 2 3
2 2 2
2 2 3
2 2 3
2 33 2
2 33 2
2 33 2
2 33 2
2 33 2
2 33 2
2 33 2
2 33 2
2 33 2
2 33 2
2 33 2
2 33 2
2 33 2
2 78 2
2 78 2
2 78 2
78 2 3
2 78 2
2 78 2
2 3 4
2 63 4
2 2 9
2 2 9
2 2 9
2 2 3
2 2 3
2 2 3
2 2 10
2 2 3
2 2 3
2 61 2
2 78 2
2 78 2
2 78 2
2 2 11
2 2 11
2 2 11
2 63 3
2 2 11
2 78 2
2 78 2
2 78 2
2 78 3
2 78 2
2 78 2
2 2 3
2 2 3
2 68 3
2 2 3
2 33 2
2 33 2
2 33 2
2 2 3
2 2 11
2 2 3
2 2 3
2 2 15
2 2 2
2 2 3
2 33 2
2 33 2
2 33 2
2 33 2
2 33 2
2 2 3
2 2 3
2 2 2
2 78 3
2 63 3
2 3 3
2 3 3
2 3 3
2 3 3
2 3 3
2 3 3
2 2 9
2 2 2
2 33 2
2 33 2
2 2 3
2 2 4
2 2 3
2 2 3
2 2 3
2 46 8
2 9 1
2 9 3
2 63 4
2 63 4
2 2 3
2 33 2
2 33 3
2 33 2
2 2 2
2 2 2
2 2 3
2 68 3
2 68 3
2 68 3
2 2 2
2 4 1
2 63 3
2 2 3
2 2 3
2 2 3
2 2 3
2 2 3
2 33 2
2 33 2
2 46 3
2 2 3
2 33 2
2 33 2
2 33 2
2 33 2
2 33 12
2 33 2
2 33 2
2 33 2
2 46 3
2 3 4
2 2 3
2 2 3
2 2 3
2 2 3
2 2 3
2 2 15
2 2 3
2 2 3
2 2 3
2 2 3
2 39 2
2 39 2
2 18 2
2 18 2
2 2 3
2 2 3
2 2 11
2 2 3
2 2 11
2 2 11
2 63 3
2 46 8
2 2 3
2 61 14
2 2 9
2 2 3
2 2 3
2 63 3
2 2 3
2 33 3
2 33 11
2 33 3
2 2 3
2 2 3
2 2 3
2 3 3
2 2 3
2 2 4
2 2 4
2 2 3
2 2 3
2 2 3
2 2 3
2 2 3
2 2 8
2 2 3
2 2 3
2 2 3
2 2 3
2 78 2
2 78 2
78 78 21
2 3 3
2 2 4
2 68 3
2 68 3
2 68 3
2 2 3
2 3 3
2 2 3
2 2 3
2 2 3
2 5 9
2 5 7
2 5 7
21 3 7
16 3 7
2 3 3
2 2 15
2 2 9
2 9 16
2 9 2
2 5 13
2 5 13
2 5 6
2 5 6
2 5 6
2 2 3
2 2 3
2 2 3
2 2 3
2 2 3
2 2 8
2 2 11
2 2 11
2 2 11
2 63 11
2 2 3
2 2 3
2 63 3
2 2 3
2 9 3
2 2 3
2 2 15
2 2 15
2 2 15
2 2 15
2 2 15
2 2 15
2 2 9
2 64 12
2 2 3
2 4 1
2 4 1
2 4 1
2 4 1
2 4 1
2 2 5
2 16 3
2 16 3
2 2 7
2 2 3
2 2 2
2 2 3
2 78 2
2 46 3
2 2 3
2 2 3
2 5 3
2 2 3
2 27 3
2 27 3
2 46 8
2 2 8
2 2 16
2 2 2
2 15 2
2 15 2
2 2 2
2 15 2
2 15 2
2 2 3
2 2 3
2 68 4
2 2 3
2 2 3
2 2 3
2 2 3
2 2 3
2 2 3
2 3 3
2 3 3
2 2 4
2 2 5
3 2 15
3 2 20
2 2 6
2 33 6
2 33 6
2 2 8
2 16 17
2 68 3
2 61 3
2 68 3
2 2 3
2 33 2
2 33 3
2 2 3
2 3 10
2 33 12
2 33 12
2 2 4
2 2 3
2 78 2
2 78 2
2 78 2
2 3 2
2 78 2
2 68 3
2 2 8
2 2 8
2 3 15
2 3 3
2 3 3
2 33 3
2 3 3
2 2 3
2 3 3
2 3 3
2 2 7
2 39 2
2 2 2
2 2 2
2 78 2
2 2 2
2 78 2
2 2 3
2 3 3
2 2 3
2 78 2
2 3 2
2 2 3
2 2 2
2 33 2
2 33 2
2 33 2
2 33 2
2 33 2
2 33 2
2 33 2
2 33 2
2 39 2
2 39 2
2 2 2
2 2 3
2 39 2
2 39 2
2 64 12
3 2 1
2 4 1
2 2 4
2 3 4
2 2 3
2 2 3
2 2 3
2 2 3
2 2 4
2 2 4
2 2 3
2 3 3
2 63 3
2 3 3
2 3 3
2 2 9
2 58 3
2 2 3
2 2 3
2 2 18
2 2 11
2 2 11
2 63 11
2 2 3
3 2 2
78 2 2
3 2 2
2 63 3
2 63 3
2 2 3
2 3 3
2 3 3
2 2 3
2 3 3
2 2 8
2 2 5
2 33 2
2 33 2
2 33 2
2 9 2
2 78 3
2 78 2
2 78 2
2 9 2
2 2 2
2 9 2
2 78 2
2 2 2
2 9 2
2 2 2
2 2 12
2 46 8
2 46 8
2 46 8
2 2 8
2 2 4
2 78 2
2 78 2
2 3 15
2 2 3
2 2 3
2 2 3
2 2 4
2 2 4
2 2 2
2 39 2
2 2 5
2 68 3
2 33 9
2 78 2
2 78 2
2 78 2
2 78 2
2 16 2
2 16 2
2 2 2
2 2 2
2 33 2
2 33 2
2 33 2
2 33 2
2 33 2
2 33 2
2 33 2
2 33 2
2 78 2
2 78 2
2 56 3
2 56 3
2 33 9
2 2 13
2 2 13
2 3 7
2 2 2
2 18 1
2 16 3
2 9 3
2 46 14
2 46 14
2 46 14
2 2 2
2 2 3
2 2 3
2 2 3
2 2 3
2 2 5
2 2 4
2 33 2
2 33 2
2 33 2
2 33 2
2 33 2
2 33 2
2 33 2
2 33 2
2 33 2
2 33 2
2 33 2
2 33 2
2 33 2
33 33 2
2 33 2
3 2 3
2 33 2
2 68 3
2 68 3
2 68 3
2 2 7
2 2 3
15 78 2
2 2 12
2 64 3
2 63 3
2 64 3
2 33 2
2 33 2
2 33 2
2 18 3
2 18 3
2 18 3
2 63 3
2 33 2
2 2 9
2 2 3
2 2 2
2 3 1
2 3 1
2 3 3
2 3 3
2 78 2
2 2 2
2 78 2
2 78 2
2 78 2
2 78 2
2 78 2
2 78 2
2 78 2
2 78 2
2 78 3
2 78 2
2 78 2
2 2 3
2 3 4
2 3 3
2 2 3
2 4 1
2 4 1
2 4 1
2 4 1
2 4 1
2 4 1
2 4 1
2 4 1
2 4 1
2 4 1
2 2 3
2 2 3
2 4 1
2 17 2
2 64 3
2 2 3
2 64 3
2 9 3
2 4 1
2 4 1
2 4 1
2 4 1
2 33 2
2 33 2
2 63 3
2 2 3
2 2 3
2 3 3
2 3 1
2 3 3
2 3 3
2 2 8
2 46 8
2 3 3
2 2 16
2 2 16
2 3 1
2 3 1
2 3 1
2 3 1
2 2 3
2 16 3
2 5 3
2 2 7
2 2 7
2 2 5
2 2 7
2 2 4
2 2 4
2 2 3
2 64 3
2 2 3
33 2 2
2 63 10
2 3 3
2 3 3
2 3 3
2 2 1
2 33 2
2 2 2
2 2 3
2 63 12
2 3 12
2 46 8
2 2 8
2 2 8
2 39 2
2 39 2
2 39 2
2 39 2
2 39 2
2 39 2
2 3 1
2 3 1
2 3 1
2 3 1
3 3 1
2 3 1
2 3 1
2 3 1
2 2 21
2 2 21
2 2 21
2 2 21
2 2 21
2 2 2
2 2 3
2 2 3
2 2 9
2 2 9
2 2 9
2 2 9
2 2 3
2 2 9
2 2 3
2 2 9
2 3 1
2 2 11
2 2 3
2 3 1
2 2 3
2 2 3
2 2 3
2 2 3
2 3 3
2 3 3
2 2 2
2 2 8
2 2 3
2 2 3
2 46 5
2 2 8
2 64 3
2 64 3
2 2 5
2 2 3
2 2 4
2 2 3
2 2 3
2 2 2
2 2 2
2 46 3
2 2 3
2 33 2
2 2 2
2 2 3
2 2 3
2 2 11
2 2 3
2 2 3
2 2 11
2 2 3
2 2 3
2 2 3
2 2 3
2 2 3
2 2 3
2 2 3
2 33 2
2 33 2
2 33 2
2 33 2
2 33 2
2 33 2
2 2 3
2 2 3
2 3 17
2 2 2
2 2 2
2 63 4
2 63 4
2 4 1
2 4 1
2 4 1
2 4 1
2 4 1
2 4 1
2 4 1
2 4 1
2 3 3
2 3 3
2 3 3
2 3 3
2 3 3
2 3 3
2 2 3
2 63 4
2 3 4
2 63 4
2 63 4
2 46 3
2 2 8
2 2 10
9 2 20
2 33 2
2 2 11
2 2 11
2 2 11
2 2 11
2 2 3
2 9 3
2 68 3
2 2 9
2 2 9
2 2 3
2 2 3
2 2 2
2 3 3
2 46 8
2 2 3
2 63 3
2 2 3
2 2 3
2 2 3
2 2 7
2 64 2
2 2 3
2 64 2
2 39 2
2 3 3
2 2 3
2 2 3
2 2 3
2 3 12
2 3 12
2 2 11
2 2 3
2 2 3
2 2 3
2 63 3
2 2 3
2 2 3
2 63 12
2 2 3
2 78 2
2 33 2
2 2 5
2 2 7
2 2 11
3 16 3
2 3 2
2 2 9
2 2 9
2 16 3
2 2 3
2 33 2
2 33 2
2 33 2
2 33 2
2 33 2
2 3 4
2 3 4
2 2 9
2 2 3
2 9 3
2 2 17
2 9 3
2 2 4
2 2 17
2 63 16
2 2 3
2 2 11
2 2 3
2 2 3
2 2 3
2 2 3
2 46 8
2 46 8
2 78 2
2 2 3
2 2 3
2 2 3
2 61 5
2 2 3
2 2 3
2 2 5
2 2 3
16 62 2
2 2 3
2 2 2
2 2 19
2 78 19
2 4 1
2 4 1
2 4 1
2 4 1
2 4 1
2 4 1
2 4 1
2 4 1
2 4 1
2 4 1
3 2 3
2 63 3
2 2 2
2 33 2
2 33 2
2 33 2
2 68 3
2 2 3
2 2 3
2 46 8
2 4 1
2 2 1
2 4 1
2 4 1
2 2 1
2 4 1
2 2 1
2 2 11
2 2 11
2 2 3
2 33 2
2 33 2
2 2 2
2 78 3
2 78 3
2 78 2
2 78 2
2 78 2
2 2 3
2 63 3
2 2 3
2 9 3
2 3 3
2 2 11
2 2 11
2 2 11
2 2 3
2 2 3
2 61 3
2 2 3
2 2 3
2 3 4
2 3 4
2 3 3
2 3 2
2 33 2
2 46 9
46 2 3
46 2 3
2 78 3
2 3 2
2 2 10
2 33 7
2 33 2
2 2 3
2 2 11
2 64 17
2 2 1
2 3 1
2 2 10
2 2 10
2 2 10
2 2 10
2 2 10
2 4 3
2 2 2
2 33 2
2 33 4
2 33 2
2 33 2
2 2 3
2 2 3
2 2 3
2 2 1
2 9 1
2 2 3
2 2 1
2 2 3
2 2 3
2 2 3
2 2 1
2 68 2
2 2 2
2 3 3
2 3 3
16 2 3
2 39 2
39 2 2
2 2 2
2 33 2
2 2 3
2 2 3
2 63 3
2 3 5
2 78 2
2 78 2
2 78 2
2 78 2
2 2 2
2 78 2
2 78 2
2 78 2
2 2 2
2 78 2
2 78 2
2 2 2
2 2 2
2 2 2
2 78 2
2 78 5
2 63 3
2 2 3
2 2 3
2 3 1
2 64 11
2 3 3
2 2 10
2 3 13
2 2 3
2 46 8
2 46 8
16 2 6
2 2 3
2 2 3
2 64 3
2 64 3
2 64 3
2 2 3
2 2 3
2 2 3
2 2 3
2 2 3
2 2 3
2 2 3
2 2 3
2 2 3
2 18 2
2 2 3
2 2 6
2 18 4
2 18 4
2 27 3
2 2 3
2 2 3
2 2 3
2 2 3
2 2 3
2 2 3
2 2 3
2 63 4
2 33 4
2 3 1
2 2 1
2 3 1
2 2 1
2 2 2
2 2 3
2 2 3
2 33 2
2 33 2
2 33 2
2 33 2
2 33 2
2 33 2
2 33 2
2 2 3
2 2 11
2 2 3
2 2 4
2 9 12
2 2 3
2 2 3
2 2 3
2 2 3
2 2 3
2 2 3
2 2 3
2 2 3
2 2 12
2 2 2
2 3 3
2 2 12
2 2 3
2 2 5
2 64 3
2 64 3
2 2 3
2 2 4
2 2 3
2 2 8
2 2 2
2 2 3
2 2 3
2 2 3
2 33 6
2 33 2
2 33 2
2 33 2
2 2 9
2 2 9
2 2 1
2 2 1
2 4 1
2 3 3
2 3 3
2 2 11
2 63 10
2 2 11
2 2 3
2 2 3
2 18 7
2 2 3
2 63 4
2 63 4
2 3 3
2 16 3
2 3 1
2 2 4
2 2 3
2 2 3
2 2 3
2 33 2
2 33 2
2 33 2
2 33 2
2 2 16
2 2 16
2 2 8
2 2 8
2 68 3
2 68 3
2 68 3
2 63 3
2 3 4
2 9 12
2 63 4
2 2 1
2 63 4
2 2 4
2 33 10
2 33 2
2 33 10
2 2 9
2 2 3
2 3 3
2 3 3
2 2 5
2 68 4
3 2 1
3 2 7
2 2 3
2 2 1
2 2 3
2 46 8
2 2 8
2 46 8
2 2 3
2 2 11
2 2 3
2 2 3
2 9 12
2 2 3
2 2 3
2 2 3
2 2 3
2 2 3
2 2 3
2 2 3
2 64 3
2 64 3
2 2 3
2 2 3
2 3 3
2 2 3
2 2 3
2 3 1
2 2 3
2 2 3
2 2 3
2 2 12
2 2 3
2 2 3
2 2 11
2 46 3
2 33 2
2 2 12
2 63 12
2 63 12
2 2 3
2 2 3
2 2 3
2 2 3
2 2 2
2 2 2
2 15 3
2 16 3
2 2 4
2 2 2
2 2 2
2 3 2
2 3 15
2 3 2
2 2 2
2 3 2
2 3 2
2 3 2
2 2 9
2 3 1
2 2 1
2 2 11
2 3 11
2 3 3
2 2 3
2 2 3
2 2 3
2 3 3
2 2 3
3 5 19
2 78 2
2 78 2
2 63 3
2 18 2
2 18 2
2 78 2
2 18 2
2 2 3
2 3 3
2 2 16
2 2 9
2 2 3
2 2 3
2 9 3
2 33 2
2 2 9
2 2 2
2 16 3
15 2 13
2 3 3
46 46 15
2 64 3
2 28 9
2 28 9
2 2 3
2 33 2
2 9 3
2 2 5
2 2 11
2 2 11
2 2 3
2 2 3
2 3 1
2 4 1
2 4 1
2 2 15
2 2 2
2 2 3
2 2 3
2 2 3
2 2 5
2 2 5
2 3 1
2 2 9
2 2 3
2 2 3
33 2 2
2 2 9
2 2 2
2 2 2
2 78 2
2 78 2
2 78 2
2 68 3
2 68 3
2 68 3
2 46 4
2 2 9
2 9 12
2 2 9
2 2 6
2 63 3
2 3 3
2 3 3
2 2 3
2 2 3
2 2 3
2 2 3
2 3 3
2 2 11
2 2 3
2 2 3
2 63 11
2 63 3
2 2 20
2 2 9
2 3 3
2 3 3
2 2 3
2 3 3
2 2 3
2 15 2
2 64 2
2 15 2
2 15 2
2 15 2
2 2 3
2 15 2
2 64 2
2 2 3
2 3 3
2 3 3
2 15 3
2 15 3
2 15 3
2 15 3
2 15 3
2 2 11
2 2 3
2 2 3
2 2 3
2 2 3
2 3 3
2 33 2
2 33 2
2 33 2
2 33 2
3 33 2
2 2 9
2 2 5
2 2 12
46 2 3
2 2 9
2 2 10
2 2 10
2 63 10
2 3 3
2 3 3
2 3 3
2 3 3
2 3 3
2 3 3
2 3 3
2 3 3
2 33 2
2 2 3
2 2 3
2 2 3
2 2 6
2 58 3
2 33 2
2 33 2
2 2 12
2 5 5
2 2 2
2 2 2
2 61 16
2 9 9
2 2 8
2 2 8
2 2 3
2 2 9
2 2 11
2 46 3
2 2 3
2 2 3
2 3 3
2 3 3
2 61 3
2 61 3
2 3 3
2 2 9
2 2 3
2 2 2
2 2 2
2 2 3
2 33 3
2 63 3
2 61 3
2 2 11
17 63 12
2 2 3
2 33 3
2 33 3
2 2 3
2 63 3
2 63 3
2 63 3
2 64 3
2 63 3
2 63 3
2 63 3
2 2 3
2 2 8
2 33 3
2 2 3
2 2 3
2 2 3
2 2 11
2 2 11
2 2 11
2 2 11
2 2 12
2 33 2
2 33 2
2 33 2
2 2 2
2 33 2
2 33 2
2 2 4
2 68 4
2 2 4
2 68 4
2 68 4
2 68 4
2 68 4
2 68 4
2 68 4
2 2 10
2 17 2
2 17 2
2 33 2
2 33 2
2 2 1
2 3 1
2 2 3
2 46 3
2 68 4
2 2 4
2 2 3
2 3 3
2 2 3
2 2 3
2 46 3
2 2 2
2 3 2
2 39 2
2 39 2
2 61 2
2 3 1
2 3 1
2 3 1
2 3 1
2 3 1
2 3 1
2 3 1
2 3 1
2 3 1
2 3 1
2 3 1
2 3 1
2 3 1
2 3 1
2 46 9
2 33 2
2 2 3
2 2 4
2 2 4
2 2 2
2 2 2
33 2 2
2 33 2
2 33 2
2 33 2
2 33 2
2 33 2
2 2 3
2 2 3
2 2 3
2 2 3
2 2 3
2 16 3
2 2 3
2 2 3
2 2 3
2 2 1
2 3 1
2 3 1
2 3 1
2 3 1
2 3 3
2 3 1
2 2 3
2 2 3
3 2 11
2 2 3
2 2 3
2 2 3
2 63 3
2 2 3
2 63 4
2 2 2
2 2 9
2 2 10
2 2 2
2 3 4
2 2 6
2 56 3
2 16 5
2 16 5
2 33 2
2 33 6
2 9 3
2 2 8
2 2 8
2 46 8
2 20 3
2 20 3
2 20 3
2 20 3
2 20 3
18 2 14
2 2 3
2 64 2
2 78 2
2 2 12
4 4 1
2 4 1
2 2 3
2 2 3
2 2 3
2 2 3
2 2 3
2 2 3
2 2 3
2 63 3
2 2 3
2 2 3
2 63 3
2 33 2
2 33 3
2 33 2
2 33 2
2 2 3
2 33 2
2 33 2
2 2 3
2 2 3
2 2 6
2 18 1
2 18 1
2 18 1
2 2 12
2 2 12
2 2 17
2 2 4
2 2 19
2 2 3
2 2 3
2 2 18
2 2 3
2 2 3
2 2 18
2 2 3
2 2 3
2 46 4
2 46 4
2 63 3
2 63 3
20 2 7
20 2 7
2 2 10
2 2 10
2 2 3
2 2 3
2 2 3
2 63 3
2 2 2
2 2 2
2 2 9
2 2 9
2 2 3
2 2 9
2 2 3
2 2 3
2 2 3
16 46 4
2 33 2
2 33 3
2 33 2
2 33 2
2 33 2
2 2 3
2 63 11
2 2 3
2 2 4
2 2 4
2 2 4
2 68 4
2 2 4
2 2 4
2 2 4
2 3 5
2 2 3
2 2 3
2 2 11
2 3 11
2 2 3
2 2 3
2 2 11
2 3 3
2 33 3
2 3 3
2 2 2
2 2 2
2 2 2
2 2 3
2 2 2
2 3 1
2 2 1
2 2 1
2 3 1
2 3 1
2 2 1
2 2 3
2 63 3
2 33 2
2 2 3
2 2 3
2 2 4
2 2 4
2 2 4
17 2 2
17 61 2
2 2 3
2 2 3
2 3 3
2 3 3
2 3 3
2 2 9
2 3 3
2 3 3
2 3 3
2 2 3
2 2 3
2 2 3
2 2 7
2 2 3
2 18 1
2 18 1
2 2 3
2 2 3
2 2 3
2 63 12
2 2 3
2 2 3
2 28 9
2 4 3
2 4 3
2 2 3
2 4 3
2 2 3
2 2 3
2 2 3
2 2 21
2 64 2
2 64 2
2 2 8
2 2 8
2 33 2
2 33 2
2 9 12
2 33 2
2 33 2
2 33 2
2 2 16
2 2 16
2 2 21
2 2 21
2 2 21
2 2 21
2 2 21
2 2 21
2 68 3
2 68 3
2 39 2
39 39 2
2 3 1
2 3 1
2 3 1
2 3 1
2 3 3
2 3 3
2 3 1
2 3 1
2 3 1
2 3 1
2 3 1
2 2 17
2 2 17
2 63 11
2 63 3
2 63 3
2 2 3
2 2 8
2 33 3
2 33 3
2 33 3
2 2 3
2 2 15
2 63 3
2 2 11
2 2 3
2 2 4
2 2 4
2 9 1
2 16 3
2 16 3
2 16 2
16 2 2
2 16 3
16 2 2
2 17 7
2 2 2
17 2 2
2 17 2
2 2 2
2 17 2
2 17 2
2 2 2
2 17 10
2 17 2
2 2 2
2 2 3
2 64 2
2 63 4
2 33 3
2 3 3
2 33 2
2 33 12
2 33 2
2 33 2
2 2 2
2 2 2
2 2 2
2 63 2
2 33 2
2 33 2
2 67 2
2 2 2
2 33 2
2 2 3
2 33 2
2 33 2
2 33 2
2 33 2
2 33 2
2 2 2
2 2 2
2 2 4
2 33 2
2 33 2
2 2 9
2 2 3
2 3 3
2 2 3
2 3 3
2 2 3
2 3 9
2 3 1
2 2 3
2 2 5
2 2 3
2 68 3
2 68 3
2 2 9
2 2 3
2 2 9
2 64 2
2 64 3
2 64 3
2 64 3
2 3 3
2 64 3
2 64 3
2 64 3
2 2 11
2 2 3
2 2 11
2 2 4
2 2 4
2 2 3
2 3 15
2 2 3
2 2 3
2 2 14
2 15 19
2 56 14
2 56 14
2 2 10
2 2 3
2 2 3
2 2 3
2 2 3
2 2 4
2 3 18
2 2 17
2 2 1
2 2 1
2 63 1
2 9 3
2 2 2
2 2 3
2 2 3
2 2 3
2 2 3
2 14 4
2 14 4
2 2 4
2 2 9
2 2 3
2 58 15
2 2 11
2 2 11
2 2 11
2 2 11
2 2 11
2 2 3
3 2 3
3 2 3
2 46 2
2 2 4
3 2 4
2 78 2
2 78 2
2 2 3
2 33 3
2 2 3
2 33 3
2 2 9
2 2 3
2 2 3
2 16 3
2 2 3
2 2 3
2 2 3
2 2 3
2 2 3
2 2 3
2 2 3
2 2 8
2 2 8
2 46 8
2 46 3
2 46 8
2 39 2
2 39 2
2 2 5
2 2 3
2 2 1
2 2 3
2 3 2
2 15 2
2 15 2
2 3 3
2 64 2
2 15 3
15 2 2
2 15 2
2 2 3
2 2 3
2 2 3
2 2 3
2 16 12
2 2 3
2 64 12
2 2 3
2 2 3
2 2 3
2 64 12
2 33 2
2 33 2
2 33 2
2 33 2
2 2 3
2 2 11
2 2 11
2 63 4
2 63 4
2 2 3
2 2 3
2 3 10
2 3 10
2 3 10
2 2 2
2 2 8
2 2 8
2 2 3
2 68 3
2 3 1
2 3 1
2 3 1
2 3 1
2 3 1
2 3 1
2 3 1
2 3 1
2 2 3
2 2 3
2 2 3
2 2 11
2 2 11
2 63 3
2 2 3
2 33 2
2 33 2
2 33 6
2 33 2
2 33 2
2 68 4
2 68 4
2 2 4
2 2 4
2 2 4
2 3 3
2 3 3
2 3 1
2 3 3
2 3 3
2 2 3
2 3 3
2 2 3
2 3 3
2 3 1
2 3 3
2 2 1
2 2 1
2 2 1
2 2 3
2 2 3
2 33 2
2 2 1
2 2 3
2 2 2
2 2 2
2 3 1
2 3 4
2 3 3
2 33 2
2 33 2
2 2 1
2 2 3
2 2 3
2 2 3
2 2 3
2 2 11
2 2 3
2 2 3
2 2 3
2 2 3
2 2 3
2 63 3
2 63 3
2 46 8
2 2 8
2 2 6
2 2 2
2 3 2
2 2 12
2 2 9
2 33 10
64 2 2
2 9 3
2 39 2
2 39 2
2 39 2
2 39 2
2 39 2
2 39 2
2 3 1
16 78 2
2 2 10
2 3 1
2 3 1
2 3 1
2 3 1
2 2 1
2 2 3
2 3 1
2 3 3
2 3 3
2 2 1
2 33 2
2 64 2
2 64 3
2 2 1
2 18 1
2 18 1
2 18 1
2 18 1
2 18 1
2 18 1
2 18 1
2 18 1
2 18 1
2 2 10
2 3 15
2 57 9
2 15 2
2 2 3
2 2 5
2 2 5
2 2 10
2 2 11
2 2 3
2 2 9
2 2 2
2 2 3
2 2 3
2 2 3
2 3 1
2 2 3
2 33 2
2 33 5
2 2 2
2 3 2
2 3 1
2 2 3
2 2 3
2 9 3
2 2 3
2 2 17
2 2 3
2 68 3
2 63 3
2 2 9
2 15 2
2 2 3
46 2 3
2 2 3
2 2 3
2 2 3
2 2 2
2 2 2
2 2 3
2 2 3
2 46 3
2 2 2
2 2 9
2 2 17
2 2 17
2 3 17
2 16 17
2 3 17
2 3 17
2 3 17
2 2 2
2 2 4
2 2 4
2 2 4
2 2 4
2 3 1
2 3 3
2 33 2
2 33 2
2 2 3
2 2 3
2 2 3
2 2 3
2 2 3
2 2 3
17 2 12
2 2 2
2 2 3
2 63 11
2 2 3
2 2 3
2 2 3
2 2 3
2 2 3
2 45 2
2 78 2
2 3 1
2 3 2
2 3 1
2 3 2
2 2 9
2 63 3
2 2 3
2 63 3
2 2 3
2 2 3
39 39 2
2 2 3
2 2 3
2 2 3
2 33 2
2 63 3
2 63 3
2 3 1
2 3 1
2 3 1
2 3 1
2 3 1
2 3 1
2 64 17
2 68 4
2 68 4
2 68 4
2 68 4
2 68 4
2 33 2
2 33 2
2 33 2
2 33 2
2 63 4
2 33 2
2 33 2
2 2 3
63 2 3
2 2 3
2 2 3
2 2 3
2 2 3
2 3 5
2 2 3
2 2 3
2 2 3
2 2 3
2 4 1
2 4 1
2 4 1
2 4 1
2 4 1
2 4 1
2 4 1
2 4 1
2 2 3
2 2 3
3 2 3
2 2 3
2 2 3
2 2 3
2 63 4
2 78 2
2 2 3
2 64 3
2 2 3
2 2 5
2 2 3
2 2 3
2 64 2
2 33 2
2 2 12
2 9 3
2 33 2
2 33 2
2 33 2
2 3 9
2 3 3
2 3 3
2 2 3
2 2 3
2 2 3
2 2 3
2 5 3
2 5 3
2 2 3
2 16 3
2 2 3
2 2 12
2 3 1
2 2 2
2 9 3
2 63 2
2 2 10
2 2 4
2 2 4
2 2 3
2 2 3
2 2 1
2 3 1
2 2 1
2 4 1
2 4 1
2 9 12
2 2 3
2 2 9
2 2 9
2 2 9
2 33 2
2 3 3
2 3 1
2 3 1
2 2 3
2 3 1
2 3 1
2 3 3
2 2 3
2 63 4
2 2 3
2 2 3
2 2 4
2 33 3
2 33 3
2 33 2
2 63 7
2 33 3
2 33 3
2 2 3
2 2 2
2 78 2
2 78 2
2 78 3
2 33 2
2 33 2
2 33 2
2 2 3
2 2 3
63 2 3
2 17 3
2 17 3
2 2 3
2 17 3
2 17 3
2 2 8
2 46 8
2 2 7
2 63 2
2 3 1
2 3 1
2 2 4
2 2 3
3 63 7
2 61 3
2 61 3
2 61 3
2 64 12
2 2 3
2 61 12
2 64 12
2 64 12
2 2 9
2 2 12
2 64 3
2 2 9
2 61 12
2 68 4
2 63 4
2 2 3
2 2 3
2 2 3
2 2 3
2 2 3
2 78 2
2 78 2
2 78 2
2 2 2
2 2 2
2 78 2
2 78 2
2 78 2
2 78 2
2 61 2
2 2 3
2 78 2
2 2 9
2 2 9
2 46 8
2 46 8
2 46 8
2 33 2
2 33 2
2 2 2
2 33 2
2 33 3
2 33 3
2 33 2
2 33 3
2 33 3
2 9 3
2 9 3
2 2 3
2 61 3
2 2 3
2 2 3
2 2 3
2 2 3
2 2 3
2 2 3
17 33 7
17 33 7
17 33 7
17 33 7
2 17 3
2 2 3
2 2 3
2 2 3
2 2 3
2 61 3
2 2 3
2 46 8
2 46 8
2 2 5
2 2 5
2 2 3
2 2 3
2 2 8
2 61 3
2 2 2
2 2 17
2 4 1
33 2 3
2 2 3
2 2 3
2 33 2
2 33 2
2 2 3
2 2 3
2 2 3
2 2 3
2 2 3
2 2 3
2 2 3
2 68 3
2 2 3
2 2 3
2 2 3
2 63 4
2 2 3
2 2 3
2 2 21
2 2 21
2 2 21
2 2 21
2 2 12
2 63 3
2 2 2
2 2 4
2 33 3
2 33 2
2 33 2
2 33 3
2 33 2
2 2 3
2 33 2
2 33 2
2 33 2
2 33 2
2 2 2
2 57 2
2 3 2
2 2 3
2 2 1
2 9 3
46 2 3
2 9 3
2 2 2
2 39 2
2 39 2
2 61 2
2 2 3
2 2 3
2 2 3
2 78 2
2 3 2
2 78 2
2 78 2
2 78 2
2 2 3
2 78 2
2 3 2
2 2 8
2 46 8
2 2 3
2 33 3
2 2 3
2 63 3
2 33 2
2 33 2
2 2 2
2 20 2
2 63 3
2 2 9
2 4 1
2 2 1
2 2 1
2 33 2
2 33 2
2 33 2
2 33 2
2 33 2
2 2 7
2 15 3
2 2 3
2 2 3
2 63 3
2 33 2
2 33 2
2 2 3
2 33 2
2 33 2
2 2 1
2 2 3
3 2 13
2 2 3
2 2 3
2 46 3
2 2 8
2 33 16
2 33 16
2 33 2
2 33 16
2 33 16
2 2 3
2 2 5
2 68 3
2 33 7
2 33 2
2 68 4
2 2 4
2 2 1
2 2 1
2 4 1
2 2 1
2 2 10
2 39 9
2 2 2
2 2 2
2 2 4
2 2 2
2 2 4
2 2 2
2 16 3
2 2 3
2 16 4
2 2 5
2 2 3
2 2 3
2 2 3
2 2 11
2 2 3
2 46 8
2 2 2
2 2 4
2 2 10
2 16 2
2 67 2
2 67 2
2 67 2
68 2 2
2 2 6
2 17 9
17 2 2
2 16 2
17 17 2
2 2 4
2 18 1
2 18 1
2 18 1
2 18 1
2 18 1
2 18 1
2 16 3
2 2 3
2 4 3
2 4 3
2 4 3
2 4 3
2 4 3
2 17 2
2 2 3
2 2 3
2 2 3
2 4 1
2 2 3
2 2 3
2 2 3
2 2 3
2 2 3
2 2 3
2 2 4
2 68 4
2 2 2
2 2 3
2 2 3
2 33 2
2 33 2
2 33 2
2 33 12
2 3 3
2 3 3
2 3 3
2 46 8
2 2 8
2 2 9
2 3 9
2 3 9
2 2 3
2 63 3
2 2 3
2 46 3
2 2 2
2 2 2
2 5 13
2 2 4
2 68 4
2 2 4
2 68 4
2 78 2
2 2 4
2 2 3
2 3 1
2 2 3
2 9 11
2 3 1
2 16 3
2 16 3
2 46 8
2 2 21
2 3 1
2 3 1
18 3 17
2 3 3
2 3 3
2 64 2
2 2 2
2 2 2
3 3 6
2 3 1
2 3 1
2 3 1
2 2 2
2 2 3
2 33 2
2 3 3
2 2 3
2 3 3
2 2 2
2 33 2
2 33 2
2 2 5
2 3 5
2 3 5
2 3 5
2 3 5
2 2 12
2 2 3
2 68 3
2 63 3
2 2 3
2 63 11
2 63 11
2 2 3
2 2 2
2 2 2
2 33 3
2 2 2
2 78 2
2 2 2
2 2 2
2 15 8
2 9 3
2 2 3
2 33 2
2 33 2
2 33 2
2 33 2
2 33 2
2 33 2
2 15 3
2 2 11
2 2 11
2 33 2
2 33 2
2 33 2
2 33 2
2 33 2
2 33 2
2 33 2
2 2 3
2 2 3
2 2 11
2 2 1
2 5 13
2 5 1
2 2 8
2 3 3
2 3 3
2 2 11
2 64 3
2 64 3
2 2 5
2 2 4
2 2 4
2 2 5
2 2 3
2 33 3
2 33 3
2 33 2
2 2 19
2 2 3
2 2 3
2 2 3
2 2 8
2 46 8
2 3 3
2 2 9
2 3 2
2 2 2
2 2 3
2 62 2
2 78 2
2 78 2
2 2 2
2 78 2
2 78 2
2 78 2
2 78 2
2 2 2
2 2 15
2 2 15
2 2 15
2 2 15
2 2 15
2 2 15
2 2 15
2 2 15
2 2 15
2 2 21
2 2 21
2 2 3
2 63 3
2 2 3
2 2 3
2 15 3
2 15 3
2 39 2
2 39 2
2 46 3
2 2 10
2 2 10
2 2 2
2 2 2
2 2 3
2 78 2
2 78 2
2 2 4
2 2 15
3 2 2
3 2 2
2 5 16
2 2 3
2 18 1
2 2 16
16 78 20
63 2 3
2 2 3
2 2 3
2 46 3
2 15 2
2 2 3
2 15 2
2 15 2
2 15 2
2 64 2
2 2 2
2 2 3
2 2 3
2 2 3
2 2 20
2 2 3
2 2 3
2 2 9
2 2 9
2 2 9
2 2 1
2 2 9
2 2 9
2 2 11
15 54 8
2 2 1
2 3 3
2 2 2
2 2 4
2 2 2
2 2 4
2 2 2
2 2 3
2 2 9
2 2 2
2 46 8
2 2 8
18 2 2
2 18 1
2 18 1
2 18 1
2 18 1
2 18 1
2 18 1
2 18 1
2 18 1
2 18 1
2 18 1
2 2 4
2 2 3
2 2 4
2 2 11
2 33 3
2 2 3
2 33 16
2 2 1
2 39 2
2 2 11
2 2 3
2 2 3
2 33 2
2 33 2
2 33 2
63 64 3
2 2 3
2 2 3
2 3 2
2 3 2
2 3 2
2 61 4
2 61 4
2 3 3
2 9 12
2 4 2
2 5 13
2 33 2
2 46 8
2 2 5
2 15 8
2 3 3
2 2 3
2 2 3
2 2 3
2 2 3
2 2 3
2 2 3
2 2 3
2 33 2
2 33 2
33 33 2
2 2 3
2 2 3
2 2 3
2 2 3
2 2 4
2 2 3
2 67 2
2 2 4
2 68 4
2 67 2
2 68 4
2 3 1
2 46 4
2 68 3
2 3 3
2 3 3
2 3 3
2 3 3
2 2 3
2 3 3
2 2 3
2 2 3
2 63 2
2 2 2
2 2 2
2 63 2
2 2 17
2 2 2
2 16 2
2 78 2
2 3 4
2 58 3
2 58 3
2 2 3
2 2 3
3 9 13
3 9 13
2 33 2
2 33 2
2 2 4
2 2 2
2 2 2
2 61 18
2 78 2
2 2 3
2 2 3
2 2 3
2 46 4
2 63 4
2 63 4
2 2 10
2 2 3
2 33 6
2 15 6
2 57 6
2 16 3
2 2 3
2 46 3
2 2 16
2 2 16
2 33 2
2 33 2
2 33 2
2 2 3
2 2 4
2 2 4
2 16 4
2 68 4
2 2 20
2 2 9
2 2 9
2 2 3
2 2 3
2 2 3
2 2 3
2 2 3
2 3 4
2 68 4
2 33 2
2 2 3
2 3 18
2 46 18
2 3 19
2 2 18
2 2 18
2 2 3
2 2 3
2 2 9
2 2 2
2 2 3
3 3 3
2 2 21
2 2 21
2 2 21
2 2 21
2 2 21
2 2 21
2 2 13
2 2 13
2 5 13
2 5 13
2 2 2
2 46 3
2 2 3
2 2 3
2 2 11
2 2 3
2 2 3
2 3 1
2 2 3
2 61 3
2 3 9
2 2 9
2 2 8
3 3 1
2 2 1
3 3 1
2 3 1
2 68 4
2 3 3
2 2 4
2 68 4
2 3 4
2 3 4
2 17 3
2 17 3
2 16 3
2 2 3
2 68 3
2 2 3
2 3 18
2 3 18
2 64 3
2 64 3
2 2 3
2 2 3
2 64 3
2 64 3
2 2 3
2 2 3
2 2 3
2 2 3
2 68 3
2 78 2
2 78 2
2 78 2
2 2 3
2 78 2
2 78 2
2 33 2
2 33 2
2 33 2
2 33 2
2 63 16
2 63 16
2 2 7
2 2 21
2 2 3
2 2 3
2 2 2
2 2 2
2 2 3
2 2 3
2 2 3
2 2 3
2 2 3
2 2 6
2 2 3
2 4 1
2 33 2
2 33 2
2 2 3
3 2 3
2 2 3
2 33 3
2 2 2
2 2 2
2 5 3
2 2 9
2 2 4
2 2 3
2 2 5
2 2 3
2 2 3
2 2 3
2 2 5
2 2 3
2 61 9
2 2 3
2 2 3
2 5 3
2 2 3
2 5 6
2 5 2
2 5 6
2 5 3
2 5 6
2 2 3
2 2 8
2 39 2
2 2 3
2 2 1
2 2 1
46 33 3
2 2 16
2 2 9
2 63 4
2 3 4
2 18 4
2 3 4
2 2 3
2 33 2
2 16 12
2 2 3
2 2 3
2 2 3
2 2 3
2 2 4
2 2 4
2 15 8
2 3 2
2 3 2
2 16 3
2 15 3
2 3 3
2 3 3
2 3 3
2 63 3
2 2 5
2 4 1
2 5 16
2 5 16
2 5 6
2 5 16
2 5 16
2 2 1
2 33 2
2 33 2
2 2 3
2 2 7
2 2 7
2 2 4
2 2 7
2 2 10
2 2 7
2 33 2
2 2 3
2 2 3
2 2 3
2 2 10
2 2 6
2 68 3
2 68 3
2 2 3
2 2 3
2 2 3
2 2 3
2 2 3
2 2 3
2 3 3
2 3 3
2 3 3
2 18 1
2 18 1
2 18 1
2 18 1
2 18 1
2 18 1
2 2 3
2 16 3
2 2 3
2 2 3
2 2 3
2 2 11
2 2 3
2 2 3
2 2 3
2 63 4
2 27 3
2 2 3
2 2 3
2 33 3
2 2 11
2 3 1
2 3 1
2 3 1
2 46 11
2 2 3
2 63 4
2 2 3
2 2 1
2 4 1
2 4 1
2 2 1
2 4 1
2 58 2
2 2 3
2 2 3
2 2 3
2 2 3
2 3 3
2 9 3
3 9 2
2 4 1
2 9 3
2 33 3
2 2 9
2 33 2
2 33 2
2 2 3
2 63 4
2 2 9
2 2 9
2 2 9
2 18 1
2 2 3
2 2 3
2 33 2
2 33 2
2 33 2
2 33 2
2 33 2
2 33 2
2 33 2
2 33 2
2 33 2
2 33 2
2 33 2
2 2 7
2 63 3
2 63 9
2 2 4
2 2 3
2 3 4
2 2 3
2 2 16
2 2 21
2 2 2
2 2 2
2 2 2
2 2 2
2 2 2
2 2 3
2 2 3
2 2 3
2 2 3
2 2 4
2 2 9
2 2 3
2 2 3
2 2 3
2 2 4
2 2 2
2 3 1
2 2 3
2 2 3
2 2 9
2 9 3
2 68 15
2 3 4
2 4 1
2 4 1
2 4 4
2 2 1
2 2 4
2 4 1
2 2 3
2 3 1
2 16 2
2 63 4
2 2 8
2 2 3
2 2 3
2 4 1
2 2 1
2 78 2
2 78 2
2 3 2
2 3 3
2 3 3
2 3 3
2 3 3
2 3 3
2 61 14
2 61 3
2 33 3
2 33 2
2 33 2
2 33 2
2 33 2
2 33 2
2 33 2
2 2 9
2 2 9
2 2 3
2 2 17
2 2 17
18 3 4
2 33 2
2 33 2
2 33 2
2 2 3
2 9 3
2 9 1
78 9 1
2 2 3
2 63 3
2 2 3
2 68 3
2 61 3
2 68 3
2 3 2
2 2 4
2 2 12
2 2 3
2 63 3
2 3 1
2 3 1
2 2 9
2 2 9
2 2 3
2 3 3
2 3 1
2 3 3
2 3 3
2 3 3
2 3 3
2 3 3
2 3 3
2 3 3
2 3 3
2 2 3
2 2 3
2 2 3
2 2 3
2 2 3
2 9 3
2 2 3
2 57 3
2 2 3
2 2 3
2 57 3
2 2 3
2 46 3
2 5 10
2 2 10
2 5 10
2 5 10
2 5 10
2 5 10
2 5 13
2 5 13
2 5 10
2 2 10
2 5 10
2 5 13
2 33 2
2 33 2
3 2 1
2 63 11
2 2 3
2 2 3
2 2 3
2 2 3
2 2 9
2 68 3
2 2 3
2 2 10
2 46 7
2 2 3
2 2 3
2 2 11
2 2 3
2 3 3
2 16 3
2 2 15
2 2 12
2 2 15
2 2 15
2 2 3
2 46 15
2 2 15
2 2 15
2 46 15
2 68 3
2 2 3
2 2 3
2 2 3
2 2 3
2 2 3
2 2 3
33 2 7
2 33 7
2 39 2
17 2 9
2 2 3
2 2 3
2 3 3
2 3 3
2 16 3
2 2 2
2 2 3
2 2 2
2 2 2
2 2 2
2 2 2
2 15 8
16 63 12
16 63 12
3 3 2
2 2 3
2 3 3
2 9 3
2 3 8
2 46 8
2 2 8
2 3 3
2 3 3
17 2 5
17 2 7
17 2 5
2 2 2
2 2 8
2 2 3
2 2 3
2 2 3
2 2 3
2 9 9
2 9 9
2 2 3
2 2 14
2 2 14
2 46 3
2 2 3
2 2 3
2 3 3
2 3 1
2 3 3
2 3 3
2 3 1
2 3 3
2 3 3
2 78 2
2 78 2
2 2 10
2 2 10
2 2 10
2 2 3
2 17 10
2 2 2
2 78 3
2 2 19
2 2 11
2 64 3
2 64 3
2 64 3
2 2 3
2 2 3
2 2 3
2 3 1
2 2 1
2 3 3
2 3 1
2 2 3
2 2 3
2 2 3
2 16 2
2 64 2
2 2 3
2 33 3
2 33 7
2 33 2
2 33 2
2 33 2
2 33 2
2 63 11
2 2 11
2 78 2
2 2 2
2 78 2
2 2 2
2 3 10
2 2 3
2 2 3
2 2 2
2 5 3
2 2 3
2 3 3
2 3 1
2 2 19
2 3 17
2 2 17
2 2 17
2 2 17
3 2 1
2 33 2
2 2 4
2 2 2
2 2 3
2 2 2
2 4 1
2 4 1
2 4 1
2 4 1
2 4 1
2 4 1
2 4 1
2 4 1
2 9 12
2 2 12
2 78 2
2 78 2
2 2 2
2 78 2
2 2 2
2 78 2
2 9 3
2 9 1
2 9 1
3 33 2
3 33 2
2 3 3
2 3 3
2 2 3
3 3 3
2 2 3
2 2 3
2 16 2
2 33 2
2 33 7
2 33 2
2 33 2
2 2 9
2 64 2
2 64 2
2 63 3
2 2 3
21 2 3
2 21 3
2 78 2
2 78 2
2 78 2
2 3 1
2 3 5
2 3 1
2 3 1
2 2 2
2 2 2
2 2 3
2 2 3
2 2 15
2 2 15
2 2 15
2 2 15
2 2 3
2 2 3
2 58 9
2 2 3
2 2 1
2 3 4
2 2 3
2 2 3
2 4 3
2 2 3
2 4 3
2 4 2
2 2 3
2 2 3
2 2 3
2 2 3
2 2 3
2 2 3
2 27 7
2 2 4
2 2 4
2 2 16
2 2 16
2 2 16
2 2 3
2 3 1
2 2 9
2 28 9
3 2 1
2 3 1
2 3 1
2 3 1
2 3 1
2 2 2
2 3 1
2 63 4
2 63 4
2 4 1
2 2 20
2 2 3
2 2 3
2 46 8
2 46 8
2 46 8
2 64 3
2 2 2
2 78 2
2 2 2
2 2 3
2 33 2
2 33 2
2 33 2
2 33 2
2 33 16
2 33 2
2 33 2
2 2 3
2 2 3
2 2 3
2 46 8
2 2 3
2 63 3
2 15 2
2 15 2
2 15 2
2 15 2
2 15 2
78 2 2
2 16 5
2 44 2
18 33 2
18 33 2
18 33 2
18 33 2
2 46 8
2 4 3
2 2 9
17 2 7
2 16 3
2 16 3
2 2 3
2 2 3
2 2 3
2 2 3
2 2 3
2 2 1
2 2 1
2 33 2
2 33 2
2 2 3
2 15 3
2 2 3
2 2 2
2 2 3
2 2 2
2 2 3
2 3 1
2 3 1
2 2 5
2 61 8
2 46 8
2 2 10
2 2 10
2 68 3
2 3 7
2 2 3
2 9 3
2 2 3
2 2 3
2 78 2
2 78 2
2 78 2
2 78 2
2 78 2
2 78 2
2 56 3
2 2 8
2 56 3
2 2 3
2 2 3
2 2 3
2 63 10
2 3 10
2 2 4
2 2 4
2 3 2
2 2 3
2 2 3
2 2 3
2 2 3
2 2 3
2 2 3
2 2 3
2 2 3
2 2 3
2 2 3
2 2 11
2 2 5
2 2 1
2 2 1
2 2 3
2 2 3
2 2 3
2 9 3
2 2 7
2 2 3
2 2 3
2 68 3
2 2 15
2 2 3
2 2 3
2 2 3
2 2 7
2 68 3
2 68 3
2 68 3
2 68 3
2 68 3
2 68 3
2 68 3
2 68 3
2 68 3
2 68 3
2 2 16
2 68 3
2 2 3
2 2 3
2 2 3
2 33 2
2 2 2
2 2 3
2 2 3
2 2 3
2 2 3
2 3 3
2 3 3
2 63 4
2 63 4
2 63 4
2 2 10
2 2 10
2 2 10
2 2 10
2 2 3
2 2 3
2 20 1
2 20 1
2 2 8
2 2 8
2 2 2
2 80 17
2 2 17
2 2 17
2 2 9
2 2 3
2 2 3
2 2 9
2 2 9
2 2 4
2 2 4
17 2 9
2 9 3
2 2 2
2 33 2
2 33 2
3 3 3
2 3 3
2 3 3
2 3 3
2 2 3
2 3 3
3 68 3
2 2 3
2 63 4
2 2 4
2 33 2
2 33 2
2 33 2
2 33 2
2 33 2
2 33 2
2 33 2
2 33 2
2 33 2
2 33 2
2 33 2
2 33 2
2 33 2
2 33 2
2 33 2
2 33 2
2 33 2
2 33 3
2 33 3
2 33 3
2 2 3
2 2 3
2 2 3
2 16 3
2 2 3
2 68 3
2 2 3
2 3 1
2 3 1
2 2 8
2 46 8
2 68 3
2 2 11
2 2 3
2 2 11
2 63 4
2 63 4
2 33 2
2 2 3
2 3 3
2 2 3
2 2 3
2 2 3
2 2 9
17 17 12
2 2 3
2 2 3
2 2 3
2 2 3
2 3 1
2 3 3
63 3 3
2 2 3
2 2 3
2 2 3
2 2 3
2 2 3
2 2 3
2 33 2
2 33 2
2 33 2
2 33 2
2 33 2
2 33 2
2 33 2
2 33 2
2 33 2
2 33 2
2 2 3
2 2 3
2 17 2
2 17 3
2 2 2
2 2 10
2 2 10
2 2 3
2 2 3
2 2 3
2 2 3
2 2 3
2 46 3
2 2 9
2 46 8
46 46 8
2 2 3
2 2 3
2 2 3
2 58 3
2 2 3
2 2 3
2 2 2
2 2 10
2 2 10
2 2 10
2 2 10
2 33 3
2 33 3
2 68 3
2 68 3
2 68 3
2 2 3
2 2 7
2 39 2
2 2 2
2 2 11
4 3 1
2 78 15
2 78 2
2 78 2
2 78 2
2 2 2
2 78 2
2 2 3
2 2 3
2 3 3
2 63 3
2 2 3
2 2 3
2 2 5
2 2 3
2 2 3
2 61 2
2 61 2
2 61 2
2 2 2
2 2 2
2 3 1
2 3 3
2 3 1
2 3 1
2 3 1
2 9 3
2 2 3
2 9 3
2 2 3
2 2 3
2 2 3
2 2 11
2 18 1
2 18 1
2 18 1
2 18 1
2 18 1
2 18 1
2 18 1
18 18 2
2 9 3
2 2 16
2 2 3
2 2 3
2 2 4
2 2 3
2 64 3
2 2 16
2 2 2
2 3 2
2 63 12
2 61 3
2 61 3
2 2 3
2 2 11
2 2 11
2 2 3
2 2 3
2 2 3
2 2 11
2 2 11
2 2 2
2 39 2
2 2 2
2 68 4
2 2 19
2 2 3
3 3 3
3 3 3
2 33 2
2 33 2
2 33 2
2 33 2
2 33 2
2 2 3
2 2 3
2 2 3
2 50 3
2 3 12
2 2 3
2 33 6
2 33 6
2 33 6
2 33 6
2 33 6
2 33 6
2 3 1
2 3 1
2 3 1
5 3 13
5 3 13
2 2 3
2 46 8
2 2 3
2 5 13
2 5 13
2 5 13
2 2 10
2 2 4
2 2 4
2 2 4
2 2 4
2 2 3
2 2 3
2 2 9
2 2 3
2 2 3
2 3 12
2 68 3
3 68 3
3 68 3
3 68 3
3 68 3
2 9 1
2 2 3
2 9 3
2 2 3
2 2 3
2 2 3
2 33 2
2 33 2
2 33 2
2 33 2
2 33 2
2 33 2
2 33 2
2 33 2
2 33 2
2 33 2
2 33 2
2 33 2
2 2 3
2 2 3
2 9 3
2 2 4
2 68 10
2 68 10
2 2 7
18 2 7
2 2 10
2 2 10
2 2 3
2 2 3
2 2 3
2 33 2
2 33 2
2 2 9
2 2 7
2 44 2
2 2 2
2 44 7
2 2 2
2 68 4
2 5 3
2 2 3
2 2 3
2 2 16
2 2 3
2 2 3
2 2 3
2 2 3
61 3 8
2 2 2
2 46 8
2 46 8
2 2 17
2 2 17
2 2 3
2 2 17
2 2 17
2 2 17
2 2 17
2 2 1
2 2 3
2 68 3
2 68 3
2 2 4
2 64 12
2 2 12
2 2 12
2 33 3
2 33 3
2 33 3
2 46 8
2 2 10
2 2 10
2 3 9
2 2 3
2 2 3
2 3 3
2 3 3
2 3 3
2 2 3
2 3 3
2 3 3
2 3 1
2 3 3
2 16 3
2 2 3
2 16 3
2 2 3
2 2 3
2 2 15
2 2 15
2 61 17
2 2 3
2 33 2
2 33 2
2 33 2
2 15 2
2 15 2
2 15 2
2 63 3
2 2 4
2 2 3
2 33 2
2 33 2
2 33 2
2 33 2
2 33 2
2 33 2
2 33 2
2 33 2
2 3 7
2 9 3
2 64 16
2 2 15
3 2 1
2 2 2
2 3 2
2 2 8
2 46 8
2 2 3
2 61 3
2 21 6
2 21 6
2 2 3
2 2 3
2 2 3
2 2 3
2 2 3
2 2 3
2 2 3
2 2 2
2 2 3
2 2 3
2 2 1
2 3 1
2 3 1
2 2 3
2 64 3
2 64 3
2 2 12
2 64 3
2 2 3
2 33 2
2 64 2
3 2 3
3 2 3
2 2 3
2 2 3
17 33 7
2 2 3
2 2 3
2 2 3
2 46 3
18 18 7
16 2 6
18 18 7
2 46 8
2 2 9
2 2 9
2 2 2
2 3 3
2 2 3
2 2 12
2 3 3
2 2 3
2 2 9
2 3 1
2 2 3
2 16 5
2 16 3
2 2 3
2 2 9
2 2 2
2 3 1
2 2 2
2 16 13
2 2 10
2 3 3
2 3 3
2 3 3
2 3 3
2 61 3
2 33 2
2 33 2
2 33 2
2 2 10
2 2 3
2 9 3
2 2 10
2 64 2
2 64 2
2 46 8
2 39 2
2 39 2
2 3 1
2 2 3
2 3 3
2 2 3
2 2 3
2 2 9
2 2 9
2 46 9
2 2 6
2 2 6
2 46 9
2 3 3
2 33 7
2 33 2
2 33 2
2 33 2
2 2 2
3 2 3
2 2 2
2 2 3
3 2 4
2 2 10
2 9 3
3 3 4
2 2 3
2 2 3
2 16 2
2 16 2
2 16 2
16 2 2
2 16 2
2 16 2
2 16 2
2 16 2
2 16 2
16 2 7
2 61 3
2 61 3
2 3 1
2 2 3
2 2 3
2 2 3
2 2 3
2 68 4
2 2 5
2 2 3
2 3 2
2 2 3
2 63 11
2 2 11
2 2 11
2 3 11
2 2 10
2 68 3
2 68 3
2 68 3
2 68 3
2 68 3
3 2 1
2 2 3
2 3 3
63 2 3
2 2 3
2 16 2
2 16 2
16 2 2
2 16 2
2 16 2
2 16 2
2 16 2
2 2 3
2 2 3
2 2 19
2 2 19
3 2 1
2 2 3
2 2 9
2 2 9
2 2 3
2 2 3
2 33 3
2 33 2
2 33 2
2 2 2
2 2 2
2 2 3
2 68 4
2 2 4
2 2 4
2 2 4
2 2 4
2 2 7
2 63 4
2 63 4
2 2 5
2 2 4
2 2 3
2 3 3
2 2 3
2 2 3
2 63 10
2 16 3
2 2 3
2 63 3
2 2 11
2 2 11
2 2 11
2 2 10
2 2 4
17 3 1
2 2 9
2 2 9
2 2 3
2 2 11
2 2 11
2 2 11
2 2 11
2 2 11
2 2 11
2 2 11
2 2 11
2 2 11
2 2 11
16 16 16
2 2 2
2 18 2
2 63 3
16 2 5
2 2 3
2 2 3
2 63 12
2 63 12
2 2 3
2 2 5
2 57 3
2 63 3
2 2 3
2 2 3
2 2 21
2 2 8
2 63 3
2 2 3
2 2 3
2 2 3
2 2 3
2 15 2
2 15 2
2 15 2
2 15 2
2 2 4
2 39 2
2 2 3
2 2 3
2 64 3
2 64 3
2 3 3
2 5 3
2 3 3
17 16 2
17 16 2
17 16 2
17 16 2
2 64 2
2 63 3
2 2 3
2 63 12
2 2 3
2 63 12
2 2 3
2 2 3
2 46 3
2 2 11
2 68 3
2 2 3
2 33 7
33 33 2
2 2 3
2 2 11
2 2 11
2 2 3
2 63 12
2 3 12
2 2 3
2 17 3
2 63 3
2 2 15
2 2 3
2 2 3
2 68 4
2 63 4
2 63 11
2 2 4
2 2 3
2 2 3
2 2 5
2 2 3
2 47 3
2 47 3
2 47 3
2 2 3
2 61 3
2 61 9
2 78 3
2 78 2
2 15 3
2 78 2
2 78 3
2 78 2
2 78 2
2 2 3
2 63 3
2 3 1
2 4 1
2 2 2
2 2 9
2 2 3
2 2 3
2 2 2
2 2 2
2 2 2
2 2 3
2 2 7
2 2 3
2 33 2
2 2 9
2 2 9
2 3 1
2 63 3
2 64 16
2 33 2
2 33 2
2 2 15
2 2 4
2 63 3
2 2 2
2 2 3
2 2 4
2 2 9
2 2 3
2 2 3
2 2 3
2 2 8
2 46 3
17 78 2
2 2 2
2 2 2
3 3 2
2 2 3
2 2 3
2 2 3
2 2 3
2 2 9
2 2 9
2 2 3
2 2 3
2 2 3
2 46 4
2 2 4
2 3 3
2 63 11
2 63 11
2 2 3
2 2 3
2 2 3
2 46 3
2 2 3
2 2 3
2 2 13
2 2 7
2 5 13
2 5 6
2 5 6
2 5 6
2 5 6
2 2 6
2 5 6
2 2 6
2 46 8
2 2 3
2 33 2
2 2 3
2 39 2
2 39 2
2 2 7
2 2 1
2 2 7
2 2 3
2 3 1
2 3 1
2 3 2
2 2 9
2 2 3
2 2 3
2 2 3
2 2 3
2 2 3
2 3 3
2 3 3
2 33 9
2 17 6
17 33 12
2 39 2
2 39 2
2 39 2
2 39 2
2 39 2
2 39 2
2 2 5
2 2 7
2 3 3
2 3 3
2 3 1
2 3 3
2 3 3
2 2 3
2 3 3
2 2 3
2 2 3
2 33 2
2 33 2
2 2 2
2 33 2
2 63 16
2 63 16
2 2 3
2 78 2
2 16 3
2 2 2
2 2 4
2 63 11
2 2 3
2 2 3
2 39 2
2 39 2
2 39 2
2 39 2
2 2 1
2 3 1
2 2 1
2 2 1
2 2 2
2 2 8
2 46 8
2 18 11
2 2 3
2 18 3
2 18 11
2 18 3
2 18 3
2 18 3
2 63 3
2 17 2
2 63 3
2 63 3
2 2 13
2 3 3
2 2 3
2 3 3
2 3 3
2 3 3
2 3 3
2 3 3
2 3 3
2 18 1
2 18 1
2 18 1
2 18 1
2 18 1
2 18 1
2 18 1
2 18 1
2 2 15
2 3 3
2 3 1
2 3 3
2 3 3
2 3 3
2 3 3
2 3 3
2 3 3
2 64 2
2 2 3
2 9 3
2 2 3
2 9 3
2 64 3
2 46 3
2 61 3
2 68 3
2 68 3
2 2 4
2 68 4
2 2 3
2 2 1
2 33 18
2 46 9
2 46 9
2 33 5
2 33 5
2 2 4
2 2 3
2 2 15
2 5 13
2 2 10
2 2 10
2 2 3
2 2 4
2 2 3
2 2 3
2 2 3
2 33 2
17 2 7
2 2 2
2 3 1
2 2 1
2 3 1
2 3 1
2 3 1
2 33 2
2 33 2
2 33 2
2 3 18
2 78 2
2 78 2
2 78 2
2 78 2
2 2 2
2 78 2
78 3 2
2 78 2
2 2 3
2 2 3
2 2 3
2 2 18
63 2 3
63 2 3
2 2 15
2 33 2
2 33 2
2 33 2
2 63 12
2 2 3
2 2 3
2 2 3
2 2 3
63 2 3
2 64 2
2 64 2
2 68 3
2 68 3
2 68 3
2 68 3
2 68 3
2 9 3
2 2 2
2 2 2
2 16 4
2 2 4
2 2 4
2 63 3
2 63 3
2 16 4
2 2 3
2 63 10
2 63 10
2 2 2
2 14 14
2 2 14
2 14 14
2 63 3
2 2 3
2 33 4
2 3 4
2 33 4
2 33 4
2 33 4
2 33 4
2 33 4
2 64 3
2 64 3
2 64 3
2 2 3
2 2 3
2 2 3
2 3 3
2 3 3
2 2 16
2 2 16
2 2 10
2 2 10
2 39 3
2 2 3
2 33 16
2 33 16
2 2 12
2 2 12
2 33 9
2 33 3
2 2 3
2 2 3
2 2 3
2 2 3
2 2 3
2 2 3
2 2 3
2 2 9
2 2 9
2 2 9
3 2 3
2 2 3
2 33 3
2 33 3
2 2 3
2 61 20
2 57 3
2 2 19
2 2 21
2 2 9
2 39 2
2 39 2
2 39 2
2 2 2
17 2 3
2 2 9
2 2 11
2 61 3
2 2 3
2 2 3
2 2 3
46 2 3
2 17 2
2 2 5
2 2 3
2 2 3
2 46 3
2 46 3
2 46 15
2 2 2
2 2 10
2 68 4
2 2 3
2 2 3
2 2 3
2 2 11
2 2 3
2 2 3
2 2 3
2 4 1
2 67 2
2 33 2
2 33 2
2 33 2
28 63 11
33 2 17
2 3 1
2 3 12
2 3 1
2 61 2
2 33 2
2 33 2
2 2 3
2 2 9
2 2 3
2 2 1
2 9 16
2 2 10
2 9 1
2 2 15
2 2 15
2 2 3
2 2 3
2 2 15
2 2 4
2 2 4
2 68 4
2 2 2
2 2 12
2 64 2
2 2 10
2 33 2
2 2 2
2 2 2
2 2 2
2 2 3
2 2 3
2 3 3
2 63 3
2 4 1
2 78 2
16 78 2
16 78 2
2 2 3
2 2 3
2 2 2
2 2 9
2 2 2
2 2 2
2 2 9
2 64 3
2 64 3
2 64 3
2 64 3
2 2 3
3 2 3
2 78 2
2 78 2
3 3 1
2 2 1
2 2 1
46 2 8
2 2 4
2 2 4
2 2 4
3 2 4
3 2 4
2 2 2
2 33 2
2 33 2
2 2 12
2 2 3
2 78 2
2 78 2
2 78 2
2 2 2
2 2 2
2 78 2
2 2 2
2 2 3
2 3 1
2 2 3
2 33 9
2 33 9
2 33 9
2 33 9
2 33 9
2 33 9
2 2 16
2 2 12
2 3 5
2 2 12
2 3 5
2 3 3
2 3 3
2 3 3
2 3 3
2 3 3
2 3 3
2 3 3
2 3 3
2 3 3
2 2 16
2 2 3
2 44 4
2 3 4
2 2 3
2 2 3
2 3 9
2 3 9
2 3 3
2 33 6
2 2 18
2 2 2
2 2 2
2 2 2
2 2 2
2 2 2
2 2 11
2 2 3
2 2 3
2 68 3
2 2 8
2 68 3
2 68 3
2 2 8
2 20 5
2 20 5
2 2 5
2 20 5
2 20 5
2 67 2
2 64 2
2 2 3
2 2 3
2 2 2
2 2 3
2 2 3
2 2 3
2 9 12
2 3 3
2 2 3
2 2 3
2 2 3
2 63 3
2 63 3
2 2 1
2 3 18
2 2 3
2 33 2
2 33 2
2 33 2
2 2 3
2 63 5
2 2 3
2 16 3
2 2 9
2 2 3
2 63 11
2 2 11
2 3 3
2 3 3
2 3 3
2 3 3
2 2 3
2 2 3
2 2 3
2 63 3
3 2 1
2 3 1
2 33 3
2 33 3
2 33 3
2 33 3
2 33 3
2 63 3
2 33 3
2 3 3
2 46 8
2 4 1
2 9 3
2 9 3
2 2 12
2 33 2
2 33 2
2 3 2
2 33 2
2 2 3
2 2 3
2 2 3
2 3 3
2 3 3
2 3 2
2 68 4
2 68 4
2 68 4
2 2 9
2 2 3
2 61 3
2 61 3
2 16 2
2 78 2
78 78 2
2 39 2
2 39 3
2 2 3
2 3 3
2 3 3
2 2 3
2 2 3
2 2 17
2 2 3
2 2 16
2 39 2
2 4 1
2 4 1
2 3 3
2 3 3
2 2 3
2 2 3
2 2 3
2 68 3
2 68 3
2 2 11
2 2 3
2 2 3
2 2 5
2 2 5
2 2 1
2 2 1
2 2 1
2 4 1
2 4 1
2 2 3
2 2 3
2 2 3
2 2 3
2 2 2
2 2 2
2 2 21
2 2 3
2 3 9
2 2 3
2 2 3
2 5 3
2 2 3
2 2 3
3 3 7
2 63 4
2 9 3
18 63 12
2 68 3
2 2 3
2 2 3
2 61 3
2 2 3
2 2 9
2 33 2
2 3 6
2 33 2
33 33 16
2 2 11
2 2 11
2 2 11
2 2 11
2 2 11
2 2 11
2 2 11
2 2 11
2 46 3
2 46 3
2 2 3
2 2 5
2 2 5
2 2 3
2 46 3
2 46 3
2 46 3
2 46 3
2 9 3
2 78 2
2 78 2
2 78 2
2 64 2
2 3 2
2 2 3
2 3 3
2 16 3
2 3 1
2 3 1
2 3 1
2 50 9
2 2 3
2 2 2
2 2 8
2 2 8
2 2 3
2 2 9
2 2 21
2 2 3
2 2 3
2 2 9
2 2 3
2 2 3
2 2 3
2 2 7
2 2 1
2 3 1
2 3 1
2 2 4
2 17 3
2 17 3
2 17 3
2 33 6
2 33 6
2 33 6
2 33 6
2 16 2
2 33 6
2 33 2
2 33 6
2 2 3
2 2 3
2 64 3
2 64 3
2 64 3
2 17 3
2 17 2
2 17 2
2 17 2
2 46 3
2 3 2
2 2 4
2 2 4
2 2 2
2 2 2
2 63 2
2 5 3
2 2 3
2 2 3
2 2 3
2 2 3
2 3 2
2 39 2
2 2 1
2 2 9
2 33 3
2 3 1
2 3 3
2 3 1
2 3 1
2 3 1
2 3 1
2 3 1
2 3 3
2 64 2
17 2 2
17 2 2
17 2 2
2 68 3
2 78 2
2 78 2
2 78 2
2 2 3
3 46 3
2 2 3
2 2 3
2 46 3
2 46 3
2 2 3
2 2 3
2 2 3
2 2 3
2 63 3
2 2 3
2 63 3
2 2 3
2 2 2
2 2 4
2 3 1
2 63 4
2 2 3
2 2 3
2 2 9
2 2 9
2 2 3
2 18 1
2 67 2
2 33 2
2 33 2
2 4 1
2 2 9
2 4 1
2 4 1
2 16 3
2 2 3
2 2 3
2 2 3
2 2 3
2 2 3
2 2 3
2 46 8
2 2 3
2 2 3
2 2 8
2 58 3
2 78 2
2 78 2
2 2 2
2 2 2
2 2 3
2 2 3
2 2 3
2 2 3
2 2 11
2 16 2
2 2 9
2 63 4
2 63 4
2 2 3
2 2 3
2 2 3
2 2 3
2 2 3
2 2 3
2 2 11
2 33 7
2 33 2
2 33 2
2 33 2
2 33 2
2 2 3
2 2 16
2 2 16
2 2 16
2 78 2
2 78 2
2 2 2
2 2 2
2 2 3
2 3 1
2 2 5
2 2 8
2 46 8
2 2 11
2 2 11
2 2 11
2 2 3
2 2 3
2 2 3
2 33 2
2 39 2
2 39 2
2 39 2
2 39 2
2 39 2
2 39 2
2 2 3
2 2 9
2 2 11
2 2 11
2 2 11
2 2 11
2 2 11
2 2 11
2 2 11
2 2 11
2 2 11
2 2 11
2 2 11
2 2 11
2 5 3
2 2 3
2 2 3
2 2 3
2 2 16
2 2 16
2 2 16
2 2 3
2 2 3
2 2 7
2 2 2
2 2 12
2 2 12
2 2 12
2 2 3
2 2 3
2 2 3
2 2 3
2 2 11
2 2 17
2 2 11
2 2 3
2 2 17
2 2 3
2 2 12
2 2 2
2 2 1
2 2 1
2 17 3
2 46 4
2 46 8
2 3 1
2 3 1
2 3 1
2 46 3
2 3 1
2 3 1
2 3 1
2 3 1
2 3 1
2 17 2
2 17 2
2 2 3
3 5 5
2 2 3
2 3 3
33 63 11
2 2 3
2 3 12
2 3 12
2 3 12
2 2 3
2 2 3
2 2 2
2 2 2
2 2 2
2 33 2
2 2 4
2 3 4
2 68 2
2 3 3
2 2 3
2 2 2
2 2 3
2 2 12
2 2 12
2 2 12
2 2 12
2 2 12
2 2 12
2 2 12
2 3 3
2 39 3
2 33 2
2 2 3
2 3 16
2 3 1
2 39 2
2 39 2
2 39 2
2 39 2
2 78 2
2 78 2
2 33 2
2 33 2
2 33 2
2 33 2
2 33 2
2 2 17
2 2 11
2 63 11
2 2 3
2 2 3
2 2 3
2 2 3
2 2 11
2 2 3
2 2 3
2 2 11
2 2 3
2 2 3
2 2 3
2 2 3
2 2 3
2 2 3
2 2 3
2 2 3
2 2 3
2 2 3
2 2 3
2 2 3
2 2 2
2 2 4
2 2 3
2 2 3
2 3 1
2 3 3
2 3 3
2 3 3
2 3 1
2 61 3
2 9 12
2 78 2
2 78 2
2 78 2
2 78 2
2 78 2
2 2 2
2 78 2
2 3 3
2 3 3
2 3 3
2 3 3
2 3 3
2 2 9
2 2 9
2 2 15
2 2 3
2 15 2
2 33 12
2 2 4
2 78 2
2 3 3
2 3 3
2 3 3
3 2 1
2 3 4
2 63 2
2 2 2
2 2 2
2 2 3
2 2 12
2 2 3
2 5 3
2 3 3
2 2 17
2 3 1
2 33 2
2 33 2
2 33 2
2 33 2
2 2 3
2 3 1
2 3 3
2 3 1
2 3 1
2 2 3
2 2 3
2 2 3
2 2 3
2 2 8
2 46 8
2 46 8
2 2 12
2 2 9
2 2 9
2 2 3
2 2 3
2 2 3
2 5 13
2 5 13
2 5 13
2 5 6
2 5 6
2 5 6
2 5 6
2 46 8
2 2 3
2 2 3
2 33 2
2 2 3
3 2 3
2 2 3
2 2 3
2 2 3
2 2 3
2 18 1
2 2 19
2 2 19
2 33 2
2 63 4
2 46 4
2 63 4
2 2 3
2 2 3
2 2 3
2 2 3
2 2 3
2 2 2
2 78 3
2 2 3
2 2 3
2 2 3
2 2 3
2 2 3
2 2 12
2 2 3
2 2 3
2 64 3
2 78 2
2 78 2
2 64 3
2 63 3
2 2 3
2 2 3
2 17 3
2 17 3
2 17 3
2 2 3
2 2 3
2 2 2
2 2 2
3 2 7
2 2 5
2 2 4
2 16 17
2 33 2
2 64 2
2 33 16
2 2 3
2 2 3
2 2 3
2 62 3
2 61 3
2 2 3
2 3 2
2 46 4
2 63 4
2 63 4
2 3 1
2 3 3
2 3 3
2 3 3
2 2 12
2 3 3
2 3 3
2 2 3
2 2 3
2 63 3
2 63 3
2 2 3
2 64 3
2 2 7
2 33 2
2 33 2
2 3 2
2 3 2
2 3 1
2 9 1
2 2 3
2 3 1
2 3 3
2 2 1
2 2 3
2 3 1
2 3 3
2 2 1
2 3 1
2 3 3
2 33 6
2 2 3
2 33 3
2 33 2
2 33 3
2 3 11
2 3 11
2 2 11
2 2 11
2 3 3
2 5 13
2 2 3
2 3 1
2 2 3
2 2 10
2 2 3
2 2 2
2 2 3
2 2 1
2 2 3
2 2 3
2 2 3
2 2 10
2 2 3
2 2 3
2 2 3
2 2 11
2 2 11
2 2 11
2 33 2
2 33 7
2 33 7
2 33 3
2 2 3
2 33 7
2 3 1
2 2 2
2 2 4
2 2 4
2 15 2
2 15 2
2 3 3
2 3 3
2 3 3
2 3 3
2 3 3
2 2 10
2 2 10
2 2 10
2 2 10
2 2 3
2 78 2
2 78 2
2 2 2
2 78 2
2 2 2
2 2 3
2 2 3
2 2 3
2 2 3
3 2 2
2 2 9
2 64 3
2 2 1
2 2 3
2 2 3
2 68 9
2 33 2
2 33 2
2 33 2
2 33 2
2 33 2
2 33 2
2 33 2
2 78 2
2 78 2
2 2 4
2 2 4
2 64 3
2 2 19
2 2 3
2 2 15
2 2 3
2 2 3
2 2 3
2 2 3
2 63 3
2 33 2
2 33 2
2 2 1
2 33 2
2 2 2
2 2 2
2 2 3
2 2 3
2 2 3
2 2 3
2 2 3
2 2 9
2 2 5
2 2 3
2 2 8
2 2 3
2 2 3
2 67 2
2 3 4
17 2 2
2 17 2
2 2 2
2 17 7
2 17 2
2 9 12
2 2 3
2 9 3
2 2 3
2 2 3
2 2 3
2 46 8
2 2 11
2 68 3
2 68 3
2 3 3
2 2 6
2 27 8
2 27 8
2 2 3
2 2 2
2 2 3
16 2 5
2 2 11
2 2 11
2 2 11
2 2 11
2 63 11
2 63 11
2 2 3
2 2 3
2 2 3
2 61 3
2 2 6
2 2 6
2 2 6
3 3 4
2 2 3
2 2 12
2 2 10
2 2 10
2 2 10
2 2 10
2 2 3
2 3 3
2 2 10
2 2 3
2 2 3
16 78 2
16 78 2
2 2 3
2 2 11
2 2 14
2 2 4
2 78 2
16 2 9
3 2 5
16 2 9
2 2 11
2 2 8
2 50 3
2 61 3
2 3 3
2 3 1
2 3 1
2 2 3
2 3 1
2 3 1
2 3 3
2 3 3
2 2 3
2 2 1
2 3 1
2 3 9
2 9 9
2 9 9
2 3 3
2 2 11
2 2 3
2 2 3
16 2 12
2 2 3
2 2 3
2 64 2
2 2 3
2 2 3
2 2 3
2 3 3
2 9 3
2 3 3
2 64 2
2 64 2
2 2 3
2 2 3
2 2 10
2 2 10
2 2 10
2 2 3
2 2 3
2 2 3
2 2 4
2 2 4
2 2 1
2 4 1
2 4 1
2 4 1
2 4 1
2 4 1
2 2 9
2 2 9
2 2 9
2 2 3
2 2 3
2 2 3
2 33 3
2 2 8
2 2 9
2 63 3
2 3 3
2 3 3
2 2 7
2 3 3
2 3 3
2 2 11
2 2 3
2 33 3
2 2 3
2 2 9
2 3 3
2 2 3
2 2 3
2 5 3
2 33 2
63 2 3
2 4 1
2 39 2
2 39 2
2 39 2
2 39 2
2 2 16
2 64 2
2 2 3
2 2 8
2 3 3
2 33 2
2 63 3
2 63 3
2 63 3
2 63 3
2 9 12
2 18 3
2 18 3
2 2 3
2 18 3
2 2 3
2 18 3
2 2 7
2 33 3
2 33 3
2 33 3
2 33 7
2 33 2
2 33 2
2 2 3
2 2 3
2 68 3
2 78 3
2 68 3
2 2 3
2 2 3
2 2 3
2 2 3
2 2 3
2 2 3
2 2 15
2 33 7
2 33 7
2 33 7
2 15 2
2 15 2
2 15 2
2 15 2
2 2 3
2 33 2
2 3 3
2 2 1
3 2 1
2 18 2
2 2 3
2 78 3
2 63 3
2 63 3
2 63 12
3 2 3
17 2 3
2 3 4
2 46 4
2 2 3
2 2 3
2 2 3
2 2 3
2 2 3
2 46 8
2 2 8
2 46 8
2 2 2
2 39 2
2 63 3
2 2 2
2 2 3
2 2 3
2 2 2
2 9 18
2 5 2
2 5 2
2 33 2
2 33 2
2 2 6
3 57 12
2 2 4
2 2 3
2 2 11
2 2 11
2 2 3
2 2 3
2 46 3
2 2 11
2 2 3
2 3 3
2 3 3
2 3 3
2 3 3
2 2 3
2 3 3
2 33 2
2 2 3
2 2 3
2 3 1
2 2 3
2 68 3
2 68 2
2 2 3
2 46 8
2 2 8
2 9 3
2 9 3
2 2 9
2 3 3
2 2 3
2 46 8
2 2 17
2 2 17
2 2 17
2 3 17
2 2 17
2 2 17
2 9 3
2 9 5
2 2 3
2 2 4
2 3 15
2 3 3
2 2 9
2 2 9
2 4 1
2 4 1
2 68 4
2 2 4
2 33 2
3 33 2
2 33 20
3 33 2
3 33 2
17 33 2
17 33 2
17 33 2
3 33 2
2 33 2
2 46 8
2 46 8
2 67 2
2 67 2
2 2 3
2 3 3
2 2 3
2 2 5
2 33 2
2 33 7
2 33 2
2 33 2
2 33 2
2 33 7
2 33 7
2 2 2
2 2 2
2 3 17
2 4 1
2 4 1
2 4 1
2 4 1
2 4 1
2 2 9
2 3 3
2 3 3
33 2 2
2 33 2
2 33 2
2 33 2
2 33 2
2 2 5
2 2 12
2 2 5
2 2 3
3 2 12
2 39 2
2 39 2
2 2 2
2 2 15
2 2 3
2 2 3
2 2 3
2 54 3
2 2 3
2 2 13
2 2 13
2 46 3
2 2 3
2 2 3
2 2 3
2 2 3
2 2 3
2 16 4
2 46 3
2 46 3
2 33 2
2 2 7
2 2 3
2 46 3
2 46 3
2 46 3
2 2 3
2 3 3
2 2 3
2 3 19
2 17 3
2 17 3
2 28 9
2 2 3
2 2 4
2 2 10
46 33 3
46 33 3
3 2 2
3 2 2
2 2 12
2 33 2
2 33 2
2 33 2
2 2 3
2 2 3
2 2 3
2 46 8
2 33 2
2 2 3
2 2 3
2 68 3
2 63 3
2 2 3
2 2 3
2 33 6
2 33 6
2 33 6
2 33 6
2 4 3
3 2 1
3 2 1
2 2 3
2 2 10
2 2 10
2 2 3
2 18 1
2 18 1
2 9 3
2 18 1
2 18 1
2 18 1
33 2 19
2 2 3
2 2 3
2 2 3
2 9 3
2 2 9
2 44 3
2 33 2
2 33 2
2 64 2
2 78 2
2 78 2
2 78 3
2 78 2
2 2 3
2 78 2
2 2 3
2 2 3
2 2 3
2 2 3
2 61 3
2 5 13
5 2 13
2 5 13
2 5 3
2 5 1
2 64 3
3 2 7
2 78 2
2 78 2
2 78 2
2 2 3
2 2 3
2 68 3
2 68 2
2 2 3
2 9 3
2 2 3
2 68 4
2 2 2
2 2 11
2 2 3
2 2 3
2 2 3
2 2 6
2 28 9
2 3 1
2 3 1
2 2 4
2 68 3
2 68 15
2 33 7
2 33 7
2 33 7
2 63 4
2 2 16
2 2 3
2 2 3
2 33 2
2 33 12
2 33 2
2 2 3
2 61 3
2 2 2
2 2 2
2 2 2
2 2 2
2 2 3
2 68 3
2 2 2
2 2 21
2 2 2
2 61 8
2 2 2
2 68 5
2 68 5
2 68 5
2 68 5
2 68 3
2 68 5
2 2 9
2 2 9
2 2 4
2 9 3
2 78 2
2 78 2
2 78 2
2 78 2
2 78 2
2 2 2
2 2 2
2 78 2
2 78 2
2 78 2
2 2 2
2 78 2
2 78 2
2 2 8
2 33 2
2 2 3
2 2 3
2 2 3
2 33 2
2 33 2
2 33 2
2 3 1
2 3 1
2 3 1
2 2 1
2 3 3
2 3 1
2 3 1
2 3 1
2 3 1
2 3 1
2 3 3
2 2 6
2 61 20
2 2 3
2 2 8
2 2 3
2 2 4
2 2 3
2 33 7
2 33 7
2 9 1
16 15 2
16 2 2
2 2 4
2 2 5
2 2 9
2 18 9
2 18 5
2 2 3
2 2 9
18 33 2
2 2 2
2 2 10
2 2 3
2 2 3
2 2 3
2 2 3
2 2 3
2 2 2
2 2 3
2 2 2
2 3 3
2 46 2
2 2 3
2 2 3
2 2 3
2 16 17
2 16 17
2 2 12
2 2 2
2 3 3
2 2 3
2 3 3
2 2 6
2 2 10
2 2 10
2 68 2
2 3 3
2 63 3
2 18 3
2 2 3
2 18 3
2 2 3
2 3 5
2 39 2
2 39 2
2 39 2
2 33 2
2 33 2
2 39 2
2 2 3
2 2 3
2 2 3
2 63 2
2 2 7
2 2 3
2 2 12
2 63 8
2 2 3
2 2 3
2 2 3
2 63 3
2 2 3
2 2 3
2 33 2
2 33 2
2 33 2
2 33 2
2 33 3
2 33 2
2 54 3
2 54 3
2 2 3
2 54 3
2 2 11
2 2 14
2 78 2
2 33 6
2 33 2
2 33 6
2 4 1
2 2 1
2 3 10
2 2 8
2 64 2
2 46 8
2 2 8
2 63 9
2 2 3
2 3 1
2 46 1
2 3 1
2 3 1
2 3 3
2 3 1
2 39 2
61 2 2
61 2 2
2 39 2
2 39 2
2 78 2
2 78 2
2 2 3
2 2 3
2 2 4
2 2 3
2 2 3
2 2 3
2 9 3
2 2 4
2 2 10
2 2 3
2 2 3
2 2 3
2 63 3
2 3 3
2 3 1
2 3 3
2 2 3
2 2 3
2 2 3
2 2 3
2 2 3
2 2 1
2 2 3
2 2 3
2 2 3
2 2 3
2 2 3
2 2 3
2 2 11
2 2 11
2 2 3
2 61 3
2 2 2
2 2 3
2 2 2
2 64 3
2 64 3
2 64 3
2 2 21
2 2 12
2 2 12
2 2 12
2 2 12
2 2 12
2 2 8
2 2 5
2 2 8
2 2 8
17 78 2
2 2 3
2 3 3
2 2 3
63 2 3
2 2 3
2 9 3
2 27 3
2 33 7
2 33 7
2 2 6
2 33 4
2 2 3
2 2 3
2 2 2
2 3 2
2 46 8
2 2 15
2 3 2
2 9 12
2 2 9
2 2 9
2 39 2
2 46 8
2 46 4
2 16 3
2 16 3
2 16 3
2 2 3
2 2 3
2 16 3
2 64 2
2 2 4
2 2 4
33 2 6
2 33 2
2 33 2
2 2 3
2 2 3
3 2 1
2 2 1
2 2 12
2 2 1
2 2 3
2 68 3
2 68 3
2 68 3
2 68 3
2 68 3
2 2 2
2 2 3
2 2 3
2 2 3
2 64 3
2 64 3
2 33 2
2 33 2
2 2 7
2 2 3
2 2 3
2 3 3
2 2 3
2 2 11
2 2 11
2 2 3
2 2 3
2 63 3
63 2 3
2 9 3
2 78 2
2 78 2
2 78 2
2 78 2
2 78 2
2 78 2
2 78 2
2 2 3
2 46 3
2 3 3
2 63 3
2 2 3
2 2 2
2 78 2
2 78 2
2 2 2
2 2 2
2 2 2
2 2 3
2 2 3
2 33 3
2 2 3
2 33 3
2 33 3
2 4 3
2 4 3
2 4 1
2 3 3
2 3 3
3 67 2
3 67 2
3 67 2
2 2 12
2 63 3
2 2 12
15 5 13
2 5 13
15 5 13
2 4 1
2 3 3
2 2 9
2 2 3
2 3 3
2 2 1
2 3 1
2 3 3
2 3 3
2 18 1
2 18 1
2 18 1
2 18 1
2 16 3
2 2 3
2 16 3
2 16 3
2 16 3
2 2 8
2 78 2
2 78 2
2 78 2
2 78 2
2 78 2
2 78 2
2 78 3
2 78 2
2 78 2
2 78 3
2 78 2
2 63 3
2 2 3
2 3 13
2 33 3
2 2 3
2 2 11
2 2 3
2 33 3
2 3 3
2 3 3
2 3 3
2 3 3
2 3 3
2 3 3
2 2 3
2 2 3
2 2 5
2 2 2
2 3 12
2 3 12
2 2 12
2 2 2
2 2 4
2 2 3
2 64 3
2 2 3
2 16 3
2 64 3
2 64 3
2 64 3
2 64 3
2 16 5
2 2 3
2 3 3
2 3 3
2 2 3
2 3 3
2 3 3
2 2 3
2 2 3
2 2 3
2 2 3
2 46 8
2 2 3
2 64 2
2 2 1
2 27 5
2 2 3
2 2 5
2 3 3
2 3 3
2 2 3
2 46 3
3 2 1
3 2 1
3 2 1
2 3 1
3 2 1
3 2 1
2 16 9
2 16 9
2 2 3
2 4 1
2 4 1
2 3 3
2 3 3
2 2 4
2 63 4
2 9 3
2 2 3
2 57 3
2 2 3
2 2 3
2 2 3
2 2 3
2 2 3
2 49 3
2 64 2
2 3 1
2 3 1
2 3 1
2 3 3
2 3 1
2 2 3
2 2 3
2 2 9
2 2 3
2 64 3
2 2 3
2 2 4
2 2 4
2 2 4
2 2 3
2 2 3
2 2 3
3 2 7
2 2 4
2 2 4
2 63 4
2 33 4
2 33 4
2 33 4
2 33 4
16 2 2
2 64 2
2 64 2
2 3 1
2 3 3
2 3 3
2 4 1
2 4 1
2 4 1
2 33 7
2 2 3
2 2 3
2 2 3
2 2 3
2 2 3
2 2 3
2 2 3
2 2 4
2 68 4
2 68 4
2 68 4
2 68 4
2 2 2
2 2 3
2 16 5
2 2 7
2 4 7
2 2 7
2 3 3
2 3 3
2 3 3
2 2 3
2 2 2
2 3 3
2 2 9
2 2 3
2 2 3
2 33 2
2 33 2
2 33 2
46 2 3
2 2 1
2 63 4
2 2 2
2 3 3
2 3 3
2 3 3
2 3 2
2 2 2
2 3 4
2 2 3
2 61 3
2 2 3
2 63 4
2 2 4
2 2 4
2 2 3
2 2 3
2 3 3
2 3 3
2 2 21
2 2 21
2 2 21
2 2 21
