64 2 2
2 21 6
2 2 20
2 4 2
4 3 1
33 33 2
2 14 3
2 14 4
2 61 13
2 78 6
15 61 5
33 2 6
2 2 6
2 63 9
2 46 3
16 3 7
3 3 6
17 3 5
2 16 13
3 63 12
16 2 3
17 2 3
2 49 3
2 46 2
3 2 11
4 4 1
2 78 1
9 2 20
15 2 13
2 68 2
2 57 9
3 2 2
15 78 2
2 33 4
2 2 10
2 61 5
2 33 5
2 68 15
18 18 7
2 61 3
2 16 17
3 2 7
2 20 5
2 9 12
3 2 13
2 33 9
2 16 4
2 2 15
2 2 16
46 46 15
2 61 2
3 3 4
2 3 18
16 2 2
3 3 2
2 2 1
2 33 18
2 2 11
33 33 16
2 17 6
33 2 7
16 78 20
2 3 15
2 61 4
2 61 10
2 5 2
2 63 7
2 2 4
16 61 20
17 2 5
2 39 3
17 33 12
2 80 17
2 16 2
2 46 9
2 57 6
2 17 3
63 64 3
2 17 2
2 3 10
2 33 16
2 27 3
2 5 6
28 63 11
46 2 8
2 64 2
15 54 8
2 28 3
2 16 12
16 63 12
2 78 2
3 3 3
3 2 1
2 3 17
2 68 9
2 46 18
2 46 1
2 64 3
2 46 17
68 2 2
2 58 15
2 54 3
2 2 7
78 9 1
33 2 16
2 46 11
15 2 2
3 2 12
16 2 5
78 2 20
2 63 16
2 5 1
2 4 4
78 2 3
16 33 2
2 2 9
16 2 6
2 68 5
33 2 3
20 2 7
3 33 2
39 39 2
61 2 2
2 33 12
2 33 3
2 63 2
2 2 13
2 16 3
2 2 2
16 2 9
2 63 11
63 3 3
2 68 3
3 68 3
2 46 14
17 2 9
2 27 8
2 61 12
2 9 5
2 21 3
18 2 2
2 39 2
2 78 15
2 61 14
2 58 2
2 16 16
2 18 3
2 44 3
2 58 6
2 18 2
2 9 3
2 50 9
2 80 2
17 61 2
2 20 3
16 15 2
2 47 3
2 3 20
2 44 7
2 61 20
2 3 8
18 2 14
17 33 7
2 33 7
2 5 3
3 57 12
78 3 2
2 5 5
16 16 16
2 64 5
63 2 3
2 58 20
2 58 9
2 9 9
2 33 10
2 37 2
2 33 6
2 63 8
2 28 9
2 5 10
2 61 9
2 64 12
16 46 4
18 2 7
2 63 10
18 2 19
17 2 2
2 15 3
2 61 18
2 15 8
2 63 5
2 61 16
2 9 2
2 56 3
3 46 2
3 2 20
3 46 3
2 58 3
2 27 5
2 63 3
2 3 19
78 78 2
2 39 9
3 16 3
2 64 11
2 2 18
17 2 12
2 4 1
